Index,lat,lon,2023,2024
1,23.141503,77.485499,17.46333313,15.90181828
2,24.822467,87.966962,12.94916725,10.09727287
3,29.519892,74.335958,2.634166718,2.74000001
4,27.297038,81.541637,1.850833297,1.359090924
5,27.48692,78.79217,17.04750061,15.97999954
6,30.139674,74.5377,6.000833511,13.82636356
7,23.18649,72.5602,13.2966671,12.22000027
8,22.7998439,86.1444717,19.88750076,21.04363632
9,17.685435,83.149931,7.114166737,6.860908985
10,27.303578,78.003327,15.49749947,15.12181854
11,26.858351,81.422451,6.619166851,7.453636169
12,22.975793,72.650335,21.74083328,21.8572731
13,22.973846,72.473028,11.42916679,11.29272747
14,22.9713406,72.6613226,14.99666691,16.47908974
15,26.198251,81.032982,2.573333263,3.019090891
16,26.235591,81.609372,2.475833416,2.081818104
17,17.503027,77.431011,1.274999976,1.139999986
18,19.153364,72.965778,14.41166687,14.33454609
19,18.970378,73.008119,17.77000046,29.69181824
20,25.87995,79.210312,6.334166527,6.352727413
21,27.508121,75.344381,8.464166641,7.908181667
22,28.612334,77.281911,43.06333542,43.97999954
23,26.7288131,83.2754187,6.404999733,6.903636456
24,26.3395,80.7057,2.206666708,17.95909119
25,27.053626,78.277169,10.52250004,9.170908928
26,26.845635,80.710711,34.45666504,25.54181862
27,27.0033012,78.9769078,2.557499886,2.415454626
28,26.949591,79.076293,10.3125,10.59636402
29,26.913797,79.158391,9.472499847,8.166363716
30,26.909319,79.331535,8.09916687,5.856363773
31,26.913619,79.160199,7.327499866,6.692727566
32,27.070904,79.653549,3.078333378,5.029090881
33,26.98693,79.814441,1.617499948,1.807272792
34,26.929426,79.88097,3.696666718,3.579999924
35,26.926112,80.200743,10.56166649,9.240908623
36,26.9047203,80.48483,2.094166756,2.135454655
37,27.038767,78.335211,7.151666641,6.838181973
38,26.8506024,80.6686972,3.859999895,3.483636379
39,26.998814,78.58165,6.767499924,6.147272587
40,26.966501,78.812958,12.55999947,11.60909081
41,27.015798,78.946526,14.79500008,13.1072731
42,26.912105,80.027101,12.89750004,14.68727303
43,26.06978,80.163008,3.804999828,4.369091034
44,22.269666,79.545141,1.0,1.0
45,32.199801,77.188008,1.664999962,1.202727318
46,23.2730374,73.2044535,1.0,1.0
47,15.486433,77.901078,1.676666617,1.2590909
48,29.085436,75.320028,1.975833297,1.547272682
49,30.527449,76.813037,13.72666645,14.8381815
50,26.369652,82.886172,2.920833349,2.450909138
51,15.528545,75.049936,2.291666746,2.334545374
52,23.1021426,76.875811,2.735000134,5.676363468
53,27.101301,77.090874,5.852499962,6.171818256
54,25.98111111,83.05694444,1.905833364,4.357272625
55,29.366693,76.481095,16.15166664,14.18181801
56,23.0073,72.3477,14.3241663,13.39727306
57,23.0709,71.785,6.465000153,5.704545498
58,23.0009,71.3728,8.739999771,7.758182049
59,23.0725,70.8583,3.832499981,4.650908947
60,22.594556,72.981298,8.817500114,10.27090931
61,26.594931,79.268034,14.27499962,12.0163641
62,25.612351,81.642036,5.065833569,5.371818066
63,17.810312,73.971381,8.261666298,8.827272415
64,17.35945,75.079423,14.58083344,12.5363636
65,16.672222,82.147222,2.458333254,2.295454502
66,22.8654,74.5519,1.551666737,1.640909076
67,12.1239228,79.9107642,2.494166613,1.916363597
68,20.553225,78.971649,1.0,1.0
69,19.361481,73.165874,13.72666645,15.74727249
70,25.091152,75.198814,9.950833321,12.58363628
71,26.297778,86.632891,3.404999971,3.419090986
72,18.1278333,76.3583021,4.739166737,2.898181915
73,18.470159,76.751146,1.0,6.690000057
74,28.725089,76.846528,6.81916666,7.800909042
75,26.301062,81.9459196,5.072500229,4.916363716
76,32.44013,77.1651,1.0,1.011818171
77,12.346862,79.779856,4.943333149,4.355454445
78,24.960572,82.276151,2.050833225,2.084545374
79,12.776883,77.777119,37.17666626,32.1427269
80,25.4913,80.47,7.465000153,11.63727283
81,25.498322,84.488333,10.13249969,7.799090862
82,25.216966,78.464471,6.047500134,5.398181915
83,31.0114039,76.389817,7.658333302,6.840000153
84,27.505578,82.374824,3.108333349,2.50363636
85,19.223505,81.932872,1.0,1.011818171
86,28.476208,77.305485,48.60833359,51.02545547
87,26.065386,80.657641,16.19416618,28.66909027
88,16.8503326,80.6335241,1.231666684,1.0
89,30.2476529,75.6396108,2.75,2.724545479
90,19.172077,75.346182,1.225833297,1.326363683
91,21.298056,76.321111,1.102499962,1.076363683
92,22.879111,77.830472,1.463333368,1.433636427
93,26.5475364,74.5069619,1.990833282,2.030909061
94,26.527359,76.250052,32.0008316,26.75727272
95,28.575254,76.820849,5.965833187,6.337272644
96,29.298647,75.8199341,7.122499943,7.410909176
97,25.8843501,74.1608431,1.514166713,1.519090891
98,26.43195,76.373506,2.339999914,3.24727273
99,13.79295,77.764358,5.804166794,5.109090805
100,25.5903343,73.9028527,2.085833311,2.461818218
101,22.6307,72.1793,8.388333321,8.892726898
102,22.781523,77.733774,8.461667061,7.455454826
103,27.5273,76.7169,6.366666794,6.102727413
104,22.315154,77.250122,3.918333292,8.825454712
105,23.04675,79.9073666,3.983333349,4.536363602
106,29.485337,76.512439,15.39999962,9.642726898
107,29.026614,76.399856,9.88583374,12.85545444
108,26.054337,82.339392,5.208333492,9.752727509
109,27.883269,77.666004,3.619999886,9.161818504
110,24.575655,77.286901,2.848333359,2.447272778
111,22.8436452,79.3582326,1.173333406,1.077272773
112,22.93523,72.51976,7.274166584,8.408182144
113,24.946609,92.756356,1.0,1.0
114,25.293327,73.085753,1.625833273,1.356363654
115,28.959724,77.443155,9.643333435,6.096363544
116,25.202348,86.081872,3.679166555,3.788181782
117,22.34462627,87.12665241,4.053333282,4.053636551
118,30.22749,74.763624,12.48166656,9.530909538
119,31.42038,76.7983,7.664166451,14.15818214
120,22.4097,71.0155,3.123333216,3.25818181
121,25.357245,79.427843,2.5625,2.881818295
122,28.8048,76.2232,2.781666756,2.114545345
123,21.7096842,85.5834615,2.725833416,8.081818581
124,25.5275,80.4036,2.94749999,4.079091072
125,14.131169,78.75682,1.13166666,1.0
126,13.336395,78.612892,3.436666727,2.829090834
127,15.1520743,76.6083795,5.382500172,3.884545565
128,13.090678,77.399788,57.96333313,56.96090698
129,14.90999,75.2798,10.35833359,8.311818123
130,32.838928,74.940536,4.120833397,4.090000153
131,12.850056,77.588333,37.76416779,29.44818115
132,23.805957,79.370837,2.273333311,3.357272863
133,23.4916993,87.3768623,45.08750153,50.54909134
134,27.271443,74.345791,1.853333235,1.845454574
135,28.932477,79.929189,2.917500019,3.156363726
136,26.6294023,81.3329506,5.469166756,4.460000038
137,25.670914,88.080268,17.4058342,10.68999958
138,26.3854208,80.018945,27.77249908,25.19000053
139,26.320813,78.272572,4.421666622,4.972727299
140,26.932005,77.933357,5.380000114,5.78363657
141,26.68816,75.904726,6.1875,7.599091053
142,22.816212,75.848384,6.292500019,10.05090904
143,27.335508,78.031048,3.701666594,3.891818285
144,28.047877,72.349573,1.146666646,1.0
145,25.804725,87.590748,2.994166613,3.376363754
146,18.7042,79.417,5.645833492,4.71454525
147,14.7082937,78.8723146,1.49666667,1.50363636
148,27.073778,79.84339,15.45416641,12.75272751
149,29.127304,76.209427,3.402499914,3.031818151
150,25.033192,74.816392,4.472499847,4.918181896
151,20.141754,73.9764485,4.875,4.863636494
152,14.50018,77.79659,1.482499957,1.413636327
153,13.263241,77.944733,4.166666508,4.100909233
154,24.642639,76.027472,16.30666733,16.92000008
155,31.204433,75.876799,10.03333282,8.013636589
156,25.076435,79.327525,1.0,1.0
157,24.493444,81.143406,4.087500095,2.637272596
158,14.7104272,74.2935113,4.074999809,2.374545574
159,27.11918695,82.89602275,3.095833302,3.301818132
160,23.763627,86.79803,17.06666756,14.03999996
161,12.9628049,76.7704144,5.626666546,4.371818066
162,28.1884316,78.3480532,1.202499986,1.216363668
163,25.637696,83.839836,32.56999969,18.22545433
164,29.911694,78.020722,11.74166679,18.80090904
165,21.985168,72.09187,20.40416718,13.6245451
166,28.594353,73.810058,1.652500033,1.785454512
167,26.343119,87.236811,6.410833359,6.336363792
168,26.224711,76.370728,1.519166708,1.524545431
169,20.944516,86.327633,8.470833778,13.10454559
170,25.2322,87.0094,9.578332901,8.793636322
171,29.071744,77.0601904,37.17333221,36.54545593
172,30.760763,76.607911,14.12583351,14.25090885
173,29.9105,76.50713,3.212500095,3.364545345
174,20.43495,72.917204,8.155833244,8.093636513
175,29.931253,77.820383,33.26749802,30.41636276
176,23.912345,71.783983,3.143333435,4.146363735
177,28.208603,76.203269,2.370833397,3.398181915
178,20.234893,78.017434,4.495833397,2.769999981
179,26.91668,76.432023,16.79500008,13.51090908
180,26.635829,82.126764,4.846666813,6.578181744
181,21.805381,70.663976,4.345000267,3.793636322
182,19.752854,73.775314,12.67000008,30.82454681
183,23.11564,72.6421,16.38666725,17.08636284
184,21.090354,72.922502,26.82416725,22.28999901
185,22.79296,73.842845,8.215833664,6.983636379
186,29.5326385,75.2009966,3.590833426,2.813636303
187,26.226938,82.670703,8.939167023,11.90454578
188,18.20539,78.398299,3.201666832,4.991818428
189,24.143877,71.977151,2.435833216,5.557272434
190,26.657489,78.869295,1.248333335,1.115454555
191,26.5992,83.40222,3.706666708,9.74636364
192,28.174303,76.824531,10.22166634,11.34000015
193,19.281255,73.048291,26.1875,27.4290905
194,28.800192,77.619238,7.852499962,7.539999962
195,21.9322781,82.0123636,4.896666527,3.698181868
196,25.640861,72.000211,2.023333311,1.806363583
197,23.37114,77.50287,2.081666708,1.789090872
198,24.494001,72.268802,1.271666646,1.0
199,22.9751708,76.2184202,4.96333313,9.224545479
200,14.7359233,79.0492478,8.018333435,7.979090691
201,29.125868,77.576617,3.450000048,10.88727283
202,23.5968864,75.1640542,1.764999986,2.045454502
203,21.505816,85.058237,9.330833435,9.233635902
204,23.131733,78.506008,3.605833292,3.119999886
205,16.786741,75.739648,10.97416687,9.129091263
206,28.520428,77.600397,22.05666733,30.13636398
207,24.020435,75.290547,1.722499967,1.666363597
208,26.055268,78.252663,5.159166813,5.027272701
209,26.121857,74.062484,13.83333302,11.34181786
210,25.371114,73.201486,7.377500057,5.324545383
211,26.121857,74.062484,13.83333302,11.34181786
212,28.468107,75.889119,2.666666746,2.415454388
213,25.4138,80.5719,1.099166632,1.0
214,26.9970148,84.375504,1.829166651,1.522727251
215,22.413346,72.8518924,9.122499466,11.56727219
216,9.3981517,78.7140107,2.928333282,2.632727385
217,20.740615,83.630556,1.516666651,2.109999895
218,15.886754,80.070843,11.10000038,8.896363258
219,17.141561,78.350437,1.793333292,1.924545407
220,26.33326217,76.24529152,7.853333473,18.50545502
221,10.64127,78.581277,11.4491663,9.768181801
222,25.1018238,71.5596583,1.619166613,1.521818161
223,23.03015,78.514381,1.0,1.0
224,17.000291,74.783872,15.09416676,8.350909233
225,20.885548,73.052162,4.877500057,5.698182106
226,20.85612,78.963632,5.55583334,5.237272739
227,12.8751,75.0039,2.353333235,2.622727156
228,28.767149,78.110043,26.73999977,31.51181793
229,25.7478818,84.9518215,3.149166584,3.139091015
230,30.908345,76.545373,7.776666641,8.18636322
231,28.304683,76.223563,14.67583275,14.25090885
232,14.543497,79.862213,3.305000067,2.572727203
233,14.121006,77.153804,1.0,1.0
234,14.059589,79.894624,2.465000153,2.304545403
235,27.3481934,73.1086112,3.589166641,13.02818203
236,12.521607,76.041609,1.0,1.0
237,12.8616039,80.1718917,9.125,9.82818222
238,12.9564,80.2412,37.7816658,36.29090881
239,29.197681,76.469761,1.459166646,1.618181825
240,20.223616,73.664849,2.079999924,2.229090929
241,23.58209,76.189842,1.0,1.295454502
242,14.979577,78.574764,3.207499981,5.265454769
243,30.9887,75.7908,7.682499886,6.919091225
244,31.0241526,75.3044463,1.688333273,1.50727272
245,23.2547289,75.7179749,2.036666632,2.75090909
246,14.556782,75.728072,4.876666546,6.853636265
247,19.1700886,74.0751759,8.923333168,5.71454525
248,26.036608,79.577976,4.922500134,4.397272587
249,20.96707,79.204168,5.606666565,3.309090853
250,23.88747,78.87,5.115000248,4.050000191
251,24.563182,88.019993,7.119999886,12.54090881
252,30.738834,76.897977,16.57583427,16.74454498
253,29.861128,76.641341,20.85333252,15.88636398
254,18.8377812,73.8800121,9.527500153,10.92545509
255,20.325219,74.210736,5.644999981,8.720909119
256,15.460198,78.451697,8.189167023,9.924545288
257,23.6570433,76.6148339,7.385833263,6.010909081
258,26.0265755,84.4909225,1.352499962,1.311818123
259,27.349756,74.671431,2.376666784,2.680909157
260,26.731065,84.748063,3.19083333,2.849999905
261,19.890544,72.942644,2.702500105,2.906363726
262,10.480588,77.637335,12.89916611,22.89727211
263,15.910173,76.446321,1.0,1.0
264,28.9974934,75.6043331,9.922499657,11.34000015
265,26.781298,82.417008,3.633333206,3.545454502
266,30.82474,75.59007,10.52000046,11.38636398
267,12.910943,79.40121,9.414999962,8.264545441
268,28.7017268,77.6197457,22.36333275,20.12545395
269,28.0989714,77.3639658,9.700833321,10.94909096
270,29.585833,77.778333,8.499166489,7.817272663
271,28.712879,76.724937,5.985833168,6.229090691
272,24.674,71.8271,3.5,3.726363659
273,21.299821,82.942781,7.653333187,7.203636169
274,31.617167,74.692378,3.858333349,6.393636227
275,21.842211,78.433626,2.088333368,1.159090877
276,23.2305,75.127,3.75999999,4.191818237
277,18.273462,83.807965,7.590000153,6.336363792
278,26.6132644,77.5154327,1.0,1.0
279,16.885015,80.160654,10.16250038,8.261817932
280,15.698996,80.237627,4.090000153,4.060909271
281,16.418376,74.540661,1.534166694,1.230909109
282,13.253075,80.2387214,10.5666666,8.588181496
283,13.7881724,79.5894634,1.426666617,2.125454426
284,9.8767572,78.1349936,4.433333397,3.624545336
285,17.471528,79.980556,1.254999995,1.454545498
286,26.1611,79.2797,17.18250084,20.66818237
287,17.0811,77.581,1.786666632,1.554545403
288,23.725416,78.809126,4.090000153,3.278181791
289,25.2513,80.7444,8.699167252,8.644545555
290,9.989594,78.244086,7.909166813,7.418181896
291,14.810899,78.338884,1.0,1.0
292,26.331776,78.489637,1.0,1.0
293,22.931,75.2507,4.372499943,3.899091005
294,13.302065,77.161956,10.78666687,9.480909348
295,13.811786,77.576451,1.815000057,2.369999886
296,31.624658,75.640296,4.864166737,8.122727394
297,24.5483246,81.3467263,11.77916622,13.15636349
298,21.303367,72.95418,10.97749996,12.3381815
299,22.7662305,82.4799789,2.264166594,1.784545422
300,29.829579,75.785305,1.169166684,6.527272701
301,26.4884,77.98028,20.27083397,18.99363708
302,26.468079,78.010109,12.16583347,11.48272705
303,24.049466,77.649413,2.400000095,1.766363621
304,12.884139,77.501694,24.70666695,21.53909111
305,12.4421692,76.1016017,1.639166713,1.673636317
306,28.603991,77.269563,29.17499924,28.73454475
307,14.6853947,79.5155303,1.033333302,1.154545426
308,27.71179,75.21063,1.418333292,1.511818171
309,28.606077,76.304827,18.31083298,22.35090828
310,25.248275,82.994017,14.3125,18.99909019
311,25.6158907,78.4787578,8.438333511,7.381818295
312,26.476602,90.712074,2.085000038,1.821818113
313,29.31922,76.918442,4.521666527,3.946363688
314,19.2587,72.8718,22.43833351,25.87272644
315,24.500543,73.720874,13.33416653,20.31272697
316,26.5244139,81.0661465,9.902500153,10.1427269
317,25.8653,79.4241,13.29083347,14.47636318
318,23.97131509,75.408085,1.739166617,4.132727146
319,25.580548,84.060688,10.75666714,13.9981823
320,13.036175,78.515049,3.999166727,4.03727293
321,22.424746,75.072311,1.519166708,1.340000033
322,22.698891,88.288862,14.88666725,18.11636353
323,30.840344,74.976922,6.448333263,5.96818161
324,20.961278,70.334386,5.103333473,6.407272816
325,21.931642,84.892881,8.640832901,8.433636665
326,20.450625,78.755243,1.372499943,1.25818181
327,28.687737,77.535805,15.43666649,19.22636414
328,20.972921,76.179151,8.288333893,13.6254549
329,28.674961,77.495589,55.39666748,50.18181992
330,20.82554091,76.2021409,1.725833416,1.467272758
331,25.716217,78.701949,1.230000019,1.261818171
332,22.741519,74.836537,5.078333378,6.370909214
333,25.883916,76.530155,2.270833254,2.920000076
334,27.0868994,75.8345568,5.827499866,4.880000114
335,16.4125284,80.7880218,4.106666565,3.294545412
336,22.397144,87.522855,6.299166679,6.657272816
337,18.700286,73.692154,13.21000004,16.22818184
338,25.649086,92.047615,1.023333311,1.00636363
339,23.417531,74.996667,1.657500029,2.328181744
340,26.30662,72.5873316,7.639999866,28.5009079
341,28.930637,79.475637,11.59166718,11.5881815
342,25.518048,82.998103,3.040833235,5.747272491
343,27.753685,73.360601,3.734999895,11.35545444
344,13.1935464,77.6475256,40.08750153,52.63727188
345,24.782925,79.81691,19.02249908,15.23272705
346,24.516005,77.769897,1.306666613,1.160909057
347,22.929,76.0463,27.53583336,27.83272743
348,28.3458569,75.0682504,5.604166508,8.738182068
349,20.737368,78.140779,34.23749924,32.09272766
350,22.216325,75.513255,1.982499957,1.804545403
351,23.422924,74.977782,1.730000019,4.953636169
352,25.07255,75.598475,6.203333378,8.375454903
353,21.227203,82.42025,3.602499962,2.941818237
354,22.248046,69.684218,9.028333664,8.204545021
355,30.5938815,76.7600168,8.807499886,9.851818085
356,30.3912006,76.4995253,6.34250021,4.954545498
357,18.2658,77.7871,18.95750046,15.19181824
358,19.1559589,74.4111722,1.571666718,1.879090905
359,21.751451,70.326793,5.406666756,6.282727242
360,20.01351,77.13994,7.133333206,6.52454567
361,25.5721918,85.2400643,18.60666656,19.7145462
362,28.06734,75.34098,1.646666646,1.470909119
363,28.776746,76.621688,2.353333235,3.082727194
364,19.0989609,78.2133902,1.620833278,1.763636351
365,28.823169,77.64859,3.032500029,3.022727251
366,12.533502,77.024003,1.154166698,1.24818182
367,31.720926,76.945425,1.367499948,1.699090958
368,26.0626359,72.6730444,3.041666746,2.828181744
369,20.766214,74.574654,1.88166666,6.453636169
370,26.282603,82.474925,11.76916695,10.69363594
371,18.0002,78.8876,3.305000067,3.720909119
372,28.737468,77.477137,18.25499916,29.33545494
373,17.888226,83.345101,5.710000038,8.199999809
374,27.578462,81.633657,7.965833664,6.45727253
375,19.244419,74.013193,3.31583333,4.00363636
376,14.624067,78.783569,6.424166679,4.973636627
377,28.635887,77.444447,54.74666595,56.02636337
378,17.353843,78.242823,2.161666632,2.592727184
379,26.666348,76.319231,29.95000076,28.7881813
380,21.214518,81.287962,12.14750004,12.53090954
381,13.7142018,78.873175,1.0,1.124545455
382,22.475387,75.571802,3.048333406,3.50454545
383,20.034216,76.31799,8.608333588,4.806363583
384,75.15080498,23.60847026,8.608333588,25.13181686
385,12.9013,80.2183,21.89333344,17.45818138
386,23.1806311,85.5742348,11.88166618,9.398181915
387,17.4622136,78.2494394,18.98500061,27.11999893
388,16.715212,81.82786,3.262500048,3.539999962
389,12.8902,80.1983,17.00749969,16.80000114
390,22.192429,78.689015,2.480833292,1.584545374
391,16.107077,79.928762,4.547500134,3.75636363
392,12.84615,77.671765,62.77833176,58.13181686
393,9.78299,78.094492,2.63166666,2.653636456
394,12.287294,79.06909,1.991666675,2.475454569
395,28.704323,77.522137,20.14750099,20.43818283
396,9.385445,77.914347,5.320000172,7.132727146
397,23.2245025,77.1907789,5.221666813,9.647273064
398,28.234589,79.523939,13.27750015,7.613636494
399,28.455781,76.856801,8.901666641,8.770909309
400,25.1214357,76.5731007,1.671666622,1.950909138
401,28.437802,77.588752,28.69750023,44.25363541
402,21.040041,75.829323,7.374166489,6.349999905
403,30.8695,74.7731,4.558333397,5.267272949
404,22.043539,79.418753,1.0,1.025454521
405,26.159909,82.862836,7.914999962,6.497272968
406,24.669794,77.748436,1.0,1.0
407,15.3186929,75.1398824,15.62666702,12.33090878
408,28.062821,77.946047,18.6016674,26.20545387
409,23.301857,79.673409,1.854166627,1.666363716
410,13.478827,79.188024,6.130833149,11.38000011
411,24.146502,82.491474,1.710000038,1.862727284
412,21.9192,77.7388,3.857500076,10.17000008
413,21.425234,70.295437,4.050833225,3.514545441
414,28.24923826,77.29142359,28.4058342,35.56181717
415,25.824112,73.233418,7.554999828,7.373636246
416,26.442682,91.048867,1.638333321,1.889090896
417,19.026592,78.362705,2.289999962,1.988181829
418,12.472697,76.760373,19.50166702,20.1072731
419,15.692835,74.503531,11.1833334,17.39090919
420,28.475248,72.61884,1.459166646,1.050909042
421,22.121749,78.828202,1.363333344,1.188181758
422,15.929953,79.097636,1.435000062,2.380908966
423,24.303325,75.651305,5.891666412,7.885454655
424,21.807047,80.152498,4.309166431,5.682727337
425,18.951875,73.018836,21.99499893,63.29454422
426,20.62176,77.862567,17.83500099,14.30818176
427,25.1958866,88.18264181,6.105833054,6.418181896
428,26.378622,76.546867,1.012500048,1.0
429,26.551347,74.780202,12.02250004,9.684545517
430,30.403876,76.736573,19.52833366,13.56272697
431,19.893828,74.784524,14.94833374,14.47909069
432,28.3336041,77.0673886,36.54249954,27.43000031
433,24.030088,85.948654,2.13499999,2.044545412
434,26.613176,81.395713,2.022500038,2.736363649
435,29.582281,76.978398,14.69000053,13.16636372
436,27.765879,76.993905,11.54500008,16.18091011
437,22.64411,75.568497,6.258333206,6.426363468
438,17.263039,78.400211,31.43833351,27.06999969
439,28.625378,77.312168,71.71666718,70.11454773
440,26.30493889,89.61888889,2.344166756,2.028181791
441,22.125288,78.025027,2.05250001,1.682727337
442,19.708905,73.614819,5.113333225,5.413636208
443,30.845116,76.142999,8.638333321,9.054545403
444,15.460555,74.967151,5.363333225,6.048181534
445,29.134011,75.058531,1.57249999,1.860909104
446,27.2521763,73.6454253,2.732500076,4.911818027
447,24.766166,73.523999,3.486666679,3.404545546
448,23.394807,77.399706,3.728333235,3.023636341
449,17.139122,82.271843,2.57249999,3.951818228
450,19.790328,74.068809,43.44166565,29.00272751
451,21.137001,78.89666,4.605000019,4.03363657
452,25.166454,82.479512,5.471666813,4.946363449
453,25.973169,78.835375,2.548333406,1.668181777
454,18.619937,84.04102,1.090000033,1.0
455,21.31811111,69.90972222,7.840833187,6.984545231
456,17.71386,83.212194,15.27000046,17.12454605
457,21.7711235,83.679885,1.3125,1.785454512
458,17.268021,80.679776,1.634166718,1.587272763
459,26.476623,89.756542,3.533333302,2.178181887
460,13.022707,77.153308,1.207499981,1.461818218
461,20.203404,85.668312,5.545000076,7.916363716
462,17.485724,78.8217,10.6833334,11.53909111
463,14.053778,76.560573,8.96333313,7.769090652
464,27.8271,81.5265,1.57249999,1.856363654
465,27.443827,82.924607,1.953333378,1.890909076
466,25.99277,75.93845,4.239999771,3.74363637
467,29.9105,76.50713,3.212500095,3.364545345
468,24.620413,77.26147,3.709166765,3.301818132
469,13.4293608,77.5124912,2.221666574,2.022727251
470,19.638154,85.140017,5.153333187,3.329999924
471,26.996524,78.777334,11.3633337,10.45727253
472,24.742577,82.109536,1.0,1.0
473,19.931252,74.950029,26.46750069,25.32363701
474,26.137818,82.802275,1.370000005,1.558181763
475,20.852147,78.873033,5.450833321,4.179999828
476,15.819781,77.454008,2.095000029,2.072727203
477,26.512581,81.766916,18.73750114,30.92272758
478,15.3909,75.8551,7.726666451,7.5
479,22.489873,73.465586,10.90833282,10.67272758
480,25.6337,79.694,2.901666641,2.957272768
481,25.3788756,82.1567207,5.421666622,6.800000191
482,23.849222,79.60967,1.479166627,1.423636317
483,26.152636,87.445216,3.738333225,4.679999828
484,27.2553568,73.8398793,1.0,1.0
485,14.806217,75.975065,1.38166666,1.168181777
486,25.1154169,81.7543869,3.486666679,3.303636312
487,32.061586,75.614373,3.785000086,4.182727337
488,23.018177,78.121077,10.87666702,9.081818581
489,17.021227,76.6828832,1.0,1.0
490,21.14661,86.1173884,1.798333287,2.909090996
491,25.5646786,71.4078461,2.089999914,2.656363487
492,16.611829,73.545512,3.785000086,1.784545422
493,20.193149,75.132863,3.895833254,2.433636427
494,24.123109,79.55156,1.024166703,1.088181853
495,16.1433,74.51696,4.616666794,5.369999886
496,25.675856,82.724787,9.199999809,10.83272743
497,14.375564,76.106875,23.75500107,18.18545532
498,23.98798,76.801104,1.276666641,1.125454545
499,13.1075003,74.78445458,4.395833492,3.618181705
500,15.431844,76.405685,1.50999999,1.108181834
501,28.212915,77.124201,30.12750053,29.93909073
502,29.101064,73.85389,1.44749999,1.276363611
503,21.092948,78.9764186,17.29000092,13.72363663
504,26.8509,75.9247,9.732500076,15.2318182
505,20.104946,79.830014,1.050833344,1.294545412
506,15.76311,74.64785,4.197500229,3.771818161
507,14.524962,76.6644745,4.998333454,3.645454645
508,15.7729777,76.2985608,1.0,1.0
509,15.323649,76.303646,11.09416676,9.739090919
510,28.264748,80.250888,1.68416667,1.332727313
511,19.514777,74.2013655,6.947500229,7.904545307
512,14.3594475,74.4184843,4.249166489,3.797272682
513,13.059436,77.770734,16.09083366,21.12999916
514,12.858667,77.655833,42.33916473,39.70545578
515,22.6479969,73.5197764,3.502500057,3.152727127
516,23.3639618,73.5152351,5.114166737,4.435454369
517,23.5051103,73.3033763,3.519999981,3.163636446
518,23.0127692,73.6180402,3.11500001,2.962727308
519,26.5605725,88.9195854,5.649166584,5.704545498
520,20.5512,78.301089,1.0,1.0
521,17.592193,75.591492,11.03999996,12.38636398
522,24.349306,80.778889,1.979166627,1.957272768
523,22.822692,75.938208,12.69999981,14.82909107
524,22.959586,76.084165,9.944999695,10.51090908
525,28.543853,77.115435,46.79583359,42.32545471
526,18.538284,78.239718,7.053333282,7.24454546
527,28.632236,77.344611,61.90999985,62.30999756
528,25.743931,76.168992,3.319999933,2.450000048
529,25.829753,73.459836,14.09416676,10.62363625
530,27.1034866,80.8814285,8.978333473,7.21454525
531,25.9996,81.285787,3.06583333,2.465454578
532,11.012852,77.073167,8.524167061,7.71090889
533,29.467707,77.611927,3.297499895,14.68636322
534,32.19613,77.203707,1.37833333,1.305454493
535,30.4024658,75.4396511,4.479166508,3.903636456
536,29.244179,78.884934,18.76749992,16.70000076
537,20.6046999,81.4195136,2.433333397,1.350909114
538,28.884747,74.028325,1.456666708,11.72818184
539,22.548497,79.600413,1.790000081,2.296363592
540,14.98163,76.834694,11.12833309,8.358181953
541,22.573188,88.181679,29.59749985,29.25272751
542,30.5859671,76.9452524,19.7891674,17.83909035
543,21.75667,75.156824,5.78666687,5.300000191
544,22.4271343,69.9139827,7.083333492,8.57454586
545,21.991807,85.119236,11.93499947,14.23636341
546,21.448549,85.373375,7.130833149,7.637272835
547,26.6175741,72.9777825,1.0,1.0
548,21.7875,76.444167,1.0,1.0
549,28.275006,76.613363,2.400000095,2.190909147
550,28.121286,76.179413,24.20249939,22.01090813
551,26.953637,72.906977,6.647500038,11.76545429
552,31.499318,75.323065,2.340833426,2.730000019
553,31.577704,74.997072,9.528333664,9.159999847
554,13.794751,75.982067,1.722499967,1.609090924
555,17.1287679,77.3493783,1.408333302,1.170909166
556,18.212011,80.0284,2.790833235,2.155454636
557,14.168867,78.144507,1.0,1.0
558,28.886175,74.019717,1.266666651,1.801818132
559,28.11465,77.575418,17.04166603,19.38272667
560,21.817222,83.434444,3.480833292,2.722727299
561,28.9225,76.95248,3.324166775,6.071818352
562,22.180518,86.636253,4.638333321,6.329999924
563,24.5702,81.4111,2.63499999,2.357272625
564,25.859513,80.684572,2.49333334,2.648181915
565,29.165072,77.276193,5.954999924,4.979090691
566,14.987394,77.915283,2.698333263,1.0
567,24.0875232,76.9848838,6.105000019,4.380908966
568,24.5488779,81.4031647,2.086666584,1.960909128
569,23.797401,78.545475,2.390833378,2.25999999
570,25.082922,74.624379,25.27666664,21.39818192
571,25.246369,81.2754626,3.412499905,2.227272749
572,28.836176,78.420749,21.72166634,18.7863636
573,21.856536,75.221664,1.545833349,1.529090881
574,22.377885,79.151005,1.024166703,1.662727237
575,12.9194122,77.4686378,9.038332939,8.941818237
576,16.359437,74.701976,1.0,1.098181844
577,23.863596,76.92223,1.649999976,1.779090881
578,12.958304,76.623563,7.461666584,5.373636246
579,20.958433,84.313559,1.0,1.962727308
580,13.2123515,77.5535138,7.426666737,7.485454559
581,25.634583,75.002951,1.619166613,1.475454569
582,16.970404,78.50755,2.099999905,2.355454445
583,33.874607,75.043232,7.424166679,4.534545422
584,26.6307103,71.2056009,1.0,1.0
585,25.494937,83.147623,17.8516674,17.4672718
586,26.7938,79.3264,15.10499954,11.9118185
587,30.10491678,74.26,5.466666698,5.065454483
588,30.2660156,76.1468553,8.241666794,6.75363636
589,16.676408,81.022129,3.563333273,4.20727253
590,23.21784,86.936479,2.139166594,2.079999924
591,15.396148,75.004123,3.611666679,2.599999905
592,28.023657,77.11306,34.56000137,31.0018177
593,10.99696,78.96709,20.61999893,26.5690918
594,23.225745,75.034617,1.0,1.0
595,24.127005,77.650435,1.104166627,1.0
596,17.6457252,77.8198176,16.67333412,11.02545452
597,21.244457,79.2490091,8.36416626,5.873636246
598,17.845891,77.448414,3.331666708,2.25818181
599,23.67727778,76.13361111,1.149999976,1.261818171
600,12.857833,77.527583,20.76333237,17.0018177
601,14.5381,76.4269,12.32583332,11.57636356
602,22.052105,85.494152,7.183333397,7.828181744
603,12.8596,77.43111,28.5158329,16.61727333
604,11.981411,76.996146,1.0,1.0
605,17.3970044,76.7064433,1.165833354,1.076363564
606,24.31493,72.1462,5.139999866,5.329999924
607,21.5082779,85.8260561,2.611666679,6.412727356
608,9.844294,78.011209,7.576666832,9.090000153
609,25.503944,77.073194,2.670833349,2.321818113
610,31.053694,75.049833,5.599999905,4.232727528
611,26.5005,79.4349,23.7808342,23.01727295
612,20.51565,77.459831,39.8133316,31.11363792
613,21.157585,78.388033,2.244166613,1.774545431
614,19.111282,84.699281,1.804166675,1.570000052
615,21.1393821,79.6750986,7.425833225,5.50545454
616,24.2128,73.3524,1.815000057,2.319999933
617,24.688738,85.507067,10.34166622,8.209091187
618,15.738306,75.063639,1.0,1.0
619,13.612918,76.953866,3.907500029,4.661818027
620,27.85546,77.40264,13.17416668,15.55090904
621,19.8902365,75.1981289,4.441666603,6.038181782
622,15.4461808,75.0125785,21.22083282,20.94454575
623,27.023008,74.811117,1.558333278,1.961818218
624,15.061754,77.630328,3.292500019,2.649091005
625,28.896616,77.64537,15.83166695,17.75
626,23.490873,79.825938,2.250833273,2.230909109
627,23.410181,72.828618,1.644166708,1.74545455
628,28.141642,76.360442,34.61166763,39.17000198
629,23.888946,80.384704,4.025000095,3.458181858
630,23.768876,80.334978,1.604166627,1.623636365
631,25.749487,81.170481,30.02083397,31.00454521
632,21.1843609,79.0319083,8.590833664,7.095454693
633,23.229287,76.040933,1.436666727,1.0
634,16.3856,80.53367,10.85416698,11.89636326
635,17.310012,78.385202,8.015832901,10.34909058
636,16.718077,80.324314,5.611666679,4.895454407
637,12.3823,78.8982,1.0,1.388181806
638,25.93807,75.14053,1.174166679,1.130909085
639,26.108914,72.376761,1.0,1.200000048
640,20.019318,78.540218,8.558333397,6.883636475
641,21.47162,78.872554,1.414999962,1.127272725
642,25.22635,75.0488993,1.135833263,1.029999971
643,24.522264,81.365223,3.817500114,3.485454559
644,19.555563,74.982173,3.500833273,3.399091005
645,26.318939,87.9026,2.226666689,2.486363649
646,27.558744,80.661034,8.598333359,8.094545364
647,18.801047,73.285379,20.54500008,24.87909126
648,22.173782,75.456797,3.43416667,2.823636293
649,28.158576,77.15209,15.23750019,13.23363686
650,28.157553,77.152888,7.925000191,7.197272778
651,21.249964,85.193065,1.339166641,2.068181753
652,21.6937297,78.3900797,7.232500076,5.988182068
653,23.993636,73.627895,15.60583305,11.13363647
654,19.519667,72.916898,3.780833483,3.975454569
655,25.5766,80.0633,12.14000034,16.56545448
656,25.543293,80.060095,3.292500019,2.965454578
657,26.578813,72.326372,2.307499886,1.850909114
658,24.657272,76.315022,1.226666689,1.25181818
659,28.2330309,73.3902644,3.268333435,2.75181818
660,20.606111,79.823611,2.010833263,1.552727342
661,25.385796,87.01154,1.860000014,2.548181772
662,28.926778,76.376,12.87833405,13.81727219
663,28.858488,76.946385,5.009999752,5.101818085
664,29.3945179,76.2525359,10.80000019,10.45636368
665,21.703044,79.433797,3.954999924,4.215454578
666,22.715938,72.740905,10.22000027,8.819999695
667,26.1029659,74.6849376,21.18250084,15.77818203
668,18.3313849,73.8525197,10.32999992,11.47454548
669,27.283378,72.323165,11.51333332,13.44636345
670,24.241335,72.462709,7.485833168,8.294545174
671,28.826478,76.348169,12.4416666,13.91545486
672,29.552076,76.534499,9.107500076,10.06363678
673,24.01664,75.393569,1.0,1.0
674,28.395604,76.98176,41.55749893,45.80727386
675,24.1222993,80.5994996,5.490833282,3.861818075
676,21.705647,85.697266,10.1758337,8.084545135
677,23.087748,78.486994,7.41833353,6.119999886
678,24.642486,78.764694,1.0,1.0
679,26.787956,72.820181,2.592499971,14.21909046
680,29.8807,74.793858,3.585833311,2.581818104
681,30.089223,74.027322,7.039166451,10.06272697
682,19.432251,73.359175,2.757499933,1.620000005
683,29.098408,76.425469,11.56999969,11.31181812
684,16.8767054,74.2983001,2.229166746,1.848181844
685,28.188888,77.172178,16.37333298,18.45636368
686,27.79189039,78.28655204,24.66916656,27.47999954
687,26.595329,74.939169,7.84499979,7.711818218
688,25.135915,75.7966206,5.498333454,5.660909176
689,28.69299,76.158534,3.310833454,3.099999905
690,28.105358,76.70805,1.906666636,2.163636446
691,21.61976,72.14159333,13.16166687,20.6781826
692,9.887952,78.8477,7.138333321,7.857272625
693,16.5422,74.31825,3.731666565,6.099999905
694,17.242673,78.194936,2.151666641,3.370000124
695,25.576505,81.5295417,5.958333492,5.648181915
696,19.84029,74.473085,27.92499924,20.5718174
697,22.4459665,86.5983467,4.504166603,3.636363745
698,13.070524,80.071587,44.51916504,32.97636414
699,29.519569,74.335958,2.634166718,2.74000001
700,8.921575,76.575862,5.394999981,4.273636341
701,18.017805,77.927905,3.120833397,1.75272727
702,26.904603,72.312525,1.175833344,1.172727227
703,17.77737111,79.28361111,9.799166679,6.544545174
704,18.02173544,79.5,9.141666412,10.70818233
705,26.5372312,77.086002,1.44749999,1.335454583
706,16.6120211,78.6758205,3.675833464,4.084545612
707,19.037473,73.078256,34.87166595,47.37818146
708,27.114895,77.715981,4.772500038,6.75
709,17.159784,79.475426,11.06999969,10.17818165
710,30.8263476,74.9165723,4.198333263,4.2590909
711,25.132814,75.796857,7.559166908,6.307272911
712,23.780076,79.464341,4.568333149,4.150908947
713,17.1314,80.0036,1.116666675,1.235454559
714,25.238246,87.647616,15.02583313,13.18454552
715,17.02729,81.719536,5.894999981,5.25181818
716,28.82978,79.096764,6.792500019,6.333636284
717,10.194334,77.909215,4.869999886,5.300909042
718,12.544583,78.201132,10.74666691,9.729090691
719,17.215448,82.1107,3.680000067,3.764545441
720,22.36342938,78.62131517,1.0,1.0
721,21.69753663,69.53280984,10.10999966,8.193635941
722,26.9802573,73.9570513,1.840000033,2.089090824
723,24.4583,72.2698,2.352499962,2.273636341
724,25.58056,84.76861,7.999166489,7.817272663
725,13.114638,77.37463,17.7891674,19.12181854
726,9.895245,76.313541,6.046666622,4.140909195
727,21.2525171,81.5368479,10.7541666,9.294545174
728,28.911104,77.025054,8.916666985,7.430000305
729,25.6727919,82.3158437,2.547499895,3.398181915
730,28.6278,77.7849,15.65333366,9.673636436
731,20.695688,77.263261,2.596666574,9.288181305
732,26.389542,82.126251,14.24666691,11.40636349
733,14.351626,75.979384,1.498333335,1.342727304
734,18.760253,73.439713,10.09333324,9.882727623
735,18.760371,73.430045,13.95416641,16.09363556
736,25.96846498,76.25313572,6.165833473,12.25818157
737,12.00638,78.08008,6.563333511,4.45545435
738,29.433664,76.97014,22.97083282,22.62727356
739,22.015027,73.115049,7.559166431,8.029090881
740,30.209235,78.125393,4.378333092,4.011817932
741,30.988606,75.790611,7.682499886,6.919091225
742,32.197881,75.533697,6.250833511,7.565454483
743,32.382108,75.598964,14.07499981,17.0354538
744,28.093586,73.876543,6.228333473,5.480909348
745,25.482404,75.31341,1.030833364,1.25999999
746,25.266948,82.491513,13.16499996,11.18999958
747,20.833039,74.754271,14.71833324,14.09454536
748,34.0922,74.8022,24.23250008,24.33636284
749,25.5871683,74.593839,30.39749908,24.64999962
750,27.161194,73.008472,11.26249981,32.60091019
751,29.2922726,75.6481065,6.65083313,5.818181992
752,28.7015412,75.4758781,2.764166594,4.272727013
753,27.0298232,71.4462213,1.467499971,1.308181763
754,21.859778,80.106833,1.0,1.0
755,13.193545,77.64981,40.08750153,52.63727188
756,18.733529,84.389803,10.62750053,7.319090843
757,28.4724919,79.5344793,2.917500019,4.304545403
758,10.624233,78.747631,2.407500029,2.712727308
759,26.070653,74.010311,1.0,1.0
760,30.2331306,75.1018423,5.526666641,5.853636265
761,10.299776,78.770713,2.273333311,2.392727137
762,19.779805,75.194678,9.804166794,12.58181763
763,23.034411,74.15265,1.0,1.0
764,22.289296,82.30303,5.960000038,6.481818199
765,12.936583,77.5315,51.77750015,49.66636276
766,22.954331,84.36013,5.513333321,2.738181829
767,25.343778,78.916861,12.52250004,11.4836359
768,25.169119,92.393079,3.167500019,4.900908947
769,29.241281,76.518039,5.373333454,6.302727222
770,27.178509,77.416845,4.204999924,4.21636343
771,28.499246,77.627269,13.9533329,17.98363686
772,33.1304683,75.2941524,3.789999962,3.595454454
773,22.553803,79.115999,1.0,1.0
774,22.454908,82.483176,5.016666889,7.829091072
775,26.309387,91.716408,4.142499924,3.889999866
776,18.377344,84.000528,14.17166615,9.740909576
777,23.44825,80.143389,1.0,1.0
778,28.9374978,76.3981516,3.821666718,5.124545574
779,27.803992,78.087073,4.475833416,5.025454521
780,16.9794,79.4537,4.024166584,4.987272739
781,10.895638,76.945815,4.583333492,4.932727337
782,12.989944,77.472444,50.19416809,45.42909241
783,12.6153657,80.0998102,1.023333311,1.228181839
784,26.0387944,85.4475413,4.356666565,3.49000001
785,23.29528,82.383803,4.977499962,4.504545212
786,13.194889,79.017469,12.47499943,11.51636314
787,24.577226,80.690857,2.696666718,2.312727213
788,26.71993,81.130183,12.4416666,9.96090889
789,27.337188,77.737458,16.38916588,14.77636337
790,27.457686,76.607661,2.141666651,1.715454578
791,27.739731,80.296011,4.0,8.258181572
792,28.917251,77.161054,9.013333321,12.74454594
793,26.112648,85.564827,8.284999847,9.027273178
794,23.884352,80.338989,1.757500052,1.489090919
795,23.869976,80.350801,2.195833206,2.054545403
796,23.490455,70.942639,4.568333149,5.072727203
797,28.944307,76.609736,5.302499771,4.980000019
798,28.262625,74.565161,1.275833368,2.333636284
799,18.830215,77.014024,1.0,7.547272682
800,20.283102,76.972215,58.23500061,34.74363708
801,24.712368,73.093755,1.920833349,1.463636398
802,19.940412,75.164195,18.71999931,18.59818077
803,19.600875,75.614882,3.839999914,2.680000067
804,28.75284167,73.96293833,1.0,1.0
805,17.56093889,78.3682,35.22166824,38.35454559
806,26.30658,75.41294,1.358333349,1.355454564
807,24.322069,78.526217,1.774166703,2.039999962
808,24.047369,75.035803,1.245833278,1.085454583
809,11.14185,79.242155,12.23083305,8.773636818
810,31.51599,74.80007,6.549166679,6.556363583
811,23.79626925,75.10225026,2.241666555,2.125454664
812,10.931722,78.218401,4.883333206,3.75818181
813,22.210352,75.025833,1.0,1.0
814,21.134892,73.478457,11.20499992,10.6609087
815,19.011289,79.478191,22.12666702,16.76545525
816,24.9657418,75.9352303,13.67833328,13.19636345
817,25.20385,73.814701,13.67833328,12.52090931
818,26.810525,82.731283,7.659999847,8.816363335
819,25.736519,93.138524,1.424999952,1.098181844
820,21.20296,81.905328,4.044166565,3.854545355
821,22.280472,75.695583,1.132500052,1.0
822,21.7016001,73.0609234,8.797499657,8.748182297
823,22.050986,75.11918,3.290833235,2.404545546
824,28.326367,76.890515,9.501667023,10.74181843
825,28.310995,76.895142,9.684166908,10.11272717
826,17.7454925,77.3171313,9.624166489,8.82818222
827,20.540387,85.96387,4.53666687,5.651818275
828,17.801103,78.471683,4.175833225,4.620909214
829,27.3056399,75.9535128,8.19833374,10.7681818
830,21.382312,79.25332,1.270833373,1.439999938
831,15.4669393,76.5742425,1.926666737,1.869090915
832,25.728651,87.458279,11.39666653,10.06181812
833,17.747445,83.069029,7.512499809,6.323636532
834,14.5020891,77.6312667,2.460000038,1.387272716
835,19.62327,81.667297,1.06916666,1.190000057
836,24.7601633,82.0648097,3.908333302,3.00545454
837,21.139545,79.365105,3.75,4.579091072
838,13.1762697,80.2447934,31.31916618,21.63454628
839,27.660315,77.733317,17.64249992,18.07727242
840,28.284826,77.43934,7.316666603,9.392726898
841,25.5438,80.3705,14.27916622,17.54363632
842,28.87763,77.247776,12.65999985,25.41454506
843,24.791454,78.924038,1.797500014,1.438181877
844,29.100827,75.885338,15.1875,14.72636318
845,27.248519,77.469328,3.331666708,3.519999981
846,21.826114,80.041645,1.781666636,1.610909104
847,16.024896,79.481851,7.846666813,7.583636284
848,12.9179,80.2118,17.89416695,14.88909054
849,17.355345,78.292706,3.205833435,4.612727165
850,26.166723,72.481349,9.116666794,32.76272583
851,20.283102,76.972215,58.23500061,34.74363708
852,26.197589,78.240691,12.89999962,11.58636379
853,28.655347,77.474082,57.6241684,63.6463623
854,23.52749,72.38813,8.924166679,8.010000229
855,23.537809,87.12463,2.978333235,3.152727365
856,15.6675,79.3518,1.208333373,1.104545474
857,24.420109,76.503892,1.147500038,1.539090872
858,22.6731595,75.545744,5.244166851,4.886363506
859,11.661687,78.330731,6.185833454,5.675454617
860,18.9331389,74.4929167,8.116666794,6.877272606
861,22.607405,75.794223,9.809999466,10.55363655
862,26.131342,92.836207,1.207499981,1.336363673
863,21.8636943,77.9571605,11.19916725,9.454545021
864,30.2117,77.19388,10.50583363,11.85545444
865,16.037647,79.307084,8.994166374,7.851818085
866,25.684947,83.547053,8.90083313,8.911818504
867,26.663524,81.99332,9.768333435,18.72818184
868,19.9798867,74.490845,2.066666603,1.917272687
869,28.5802427,78.796195,2.773333311,2.438181877
870,25.1882337,83.5615933,11.71000004,11.57454491
871,29.650296,76.559183,1.36500001,1.665454507
872,23.4336923,80.0873052,6.327499866,6.267272949
873,15.194774,76.999231,1.945833325,2.200909138
874,22.934663,69.801655,3.204166651,4.728181839
875,25.71773,72.277289,7.847500324,21.20727348
876,16.054778,80.914134,3.539166689,4.118181705
877,26.891524,71.952354,1.638333321,1.372727275
878,28.641,76.3815,4.89416647,3.940000057
879,18.6867178,73.8465816,17.79750061,19.77000046
880,24.580674,72.725067,5.082499981,4.945454597
881,31.2120516,76.6407424,10.35750008,9.500908852
882,22.775572,75.860314,19.60416603,19.51454544
883,23.310689,77.319815,8.33833313,7.947272778
884,25.6814588,77.7295852,8.637499809,7.572727203
885,21.19004,81.159205,2.288333416,3.069999933
886,13.698528,78.518474,2.169166565,3.471818209
887,22.155822,81.228744,3.249166727,3.429090977
888,25.2747754,74.4927949,9.462499619,12.62181854
889,13.148469,78.290548,3.909166574,4.807272911
890,19.1534,72.9657,14.41166687,14.33454609
891,19.1855,72.9586,41.85666656,45.11999893
892,15.138206,75.889905,1.233333349,1.059999943
893,25.208633,77.136056,1.089166641,1.328181863
894,25.2987667,81.9478441,3.941666603,4.374545574
895,24.644126,79.336084,2.282500029,1.813636422
896,16.319957,81.220732,3.915833235,3.813636303
897,16.74550985,78.285,3.235833406,2.795454502
898,25.5899165,85.875775,3.853333235,3.49636364
899,23.4467255,85.1199769,1.281666636,1.405454516
900,14.851945,79.987847,8.01083374,7.891818047
901,17.9740755,79.9144659,1.0,1.0
902,26.733855,83.808555,5.21750021,5.991818428
903,12.903583,77.470028,34.50166702,35.99818039
904,22.696475,72.896397,7.4375,8.634545326
905,16.290371,75.923507,6.231666565,5.310909271
906,20.9166056,71.3220944,2.879999876,1.155454516
907,20.2299353,79.0131934,10.77000046,8.653635979
908,24.044628,85.385762,11.8241663,10.27272701
909,27.213537,83.252765,1.196666718,1.24272728
910,15.36987202,75.35,7.80583334,10.56000042
911,13.216958,80.169353,14.08749962,13.57999992
912,13.206308,77.765553,10.83750057,19.49363708
913,21.7501921,88.2365142,1.339166641,1.344545484
914,17.242648,78.211582,1.80250001,2.168181896
915,17.472901,75.855225,19.39166641,12.86454487
916,20.95108,77.788377,7.58833313,6.9909091
917,20.200237,79.029373,1.794166684,1.720000029
918,13.194547,78.545287,7.558333397,8.854545593
919,8.527035,77.663289,4.679999828,6.96999979
920,15.7406107,78.0705331,7.781666756,7.700909138
921,22.27008,74.51252,1.0,1.188181877
922,24.613529,74.233079,38.02166748,36.2154541
923,15.488805,74.970109,7.086666584,4.922727108
924,25.485729,72.569789,2.13499999,2.312727213
925,24.5521458,74.6665621,2.549999952,2.807272673
926,17.388444,78.351798,49.28666687,50.39363861
927,29.5781487,76.0887316,10.77250004,9.178181648
928,19.9119216,73.9006299,9.843333244,14.81272697
929,21.016609,75.684364,16.94833374,14.03818226
930,33.1299,75.29348,3.789999962,3.595454454
931,11.592809,78.780812,3.392499924,4.302727222
932,18.057967,83.521081,7.010000229,6.50181818
933,23.797494,86.430301,27.75333405,27.05545425
934,28.45428,79.437658,12.70333385,17.65727234
935,25.5650131,81.7457289,4.671666622,5.557272911
936,25.248178,71.733328,2.472500086,1.917272687
937,24.572623,74.761591,5.926666737,4.03909111
938,23.51194711,75.07147537,3.994166613,5.550909042
939,26.121161,91.938698,5.151666641,11.98636341
940,11.060944,77.088928,16.05583382,16.79181862
941,24.52109562,75.81037561,1.789999962,5.942727566
942,24.7998229,73.7603221,7.484166622,9.680000305
943,27.242389,76.0639,2.795833349,2.74727273
944,13.0924871,77.3944374,50.10916519,48.40000153
945,14.312218,79.916296,4.182499886,2.863636255
946,17.41076389,78.3153,22.6408329,26.73818207
947,26.578709,73.155029,1.337499976,1.50545454
948,26.708097,80.120527,9.334166527,15.35272694
949,24.154715,78.064432,1.176666617,1.0
950,19.884275,75.845577,22.21333313,17.81636429
951,12.6657789,76.0879545,1.629166603,1.173636317
952,24.6104397,74.6484461,1.866666675,2.146363735
953,26.018464,73.088679,6.35583353,7.436363697
954,26.1512284,71.2802787,1.0,1.293636441
955,25.865575,71.6305593,2.078333378,1.622727275
956,27.5147239,74.3207931,6.247499943,5.949090958
957,19.2094,73.093948,35.71500015,39.27182007
958,23.0815536,75.8156813,2.160000086,3.104545355
959,23.300828,75.827876,1.974999905,6.434545517
960,28.814182,78.902248,9.03666687,9.123636246
961,28.634037,77.390182,39.00166702,36.47363663
962,27.668079,72.674974,2.282500029,3.485454559
963,28.073983,73.568025,6.824166775,14.09181786
964,28.179226,77.074981,8.376667023,6.650908947
965,20.2829801,83.2961327,1.169166684,1.609090924
966,26.035992,81.43806,1.705833316,1.795454502
967,13.261002,77.093901,1.468333364,1.462727308
968,24.8248863,74.6282613,35.95999908,39.20272827
969,24.593492,81.2986,1.727499962,1.566363573
970,22.08019901,69.13387008,9.87250042,4.407272816
971,11.72034,78.07338,15.45916653,12.36363602
972,25.9261,79.3622,14.67749977,17.59818268
973,16.174444,73.6925,2.402499914,1.850000024
974,29.904809,76.646841,13.47916698,11.52090931
975,23.195053,82.925264,3.033333302,2.738181829
976,25.134303,79.376709,16.27250099,14.28727245
977,19.1388116,75.7488874,7.132500172,5.912727356
978,27.916553,74.554469,3.5625,3.49272728
979,21.5632851,86.9253147,1.13499999,1.531818151
980,24.5069819,77.1860753,8.614999771,7.516363621
981,24.650828,77.422362,1.040833354,1.0
982,25.992753,91.860387,2.336666584,2.344545364
983,29.8880996,76.1014463,2.689166546,2.885454655
984,13.140047,80.0530363,9.541666985,8.339091301
985,10.6122581,79.0305683,1.24333334,1.091818213
986,14.51346,78.791105,5.855000019,6.129090786
987,24.77073,81.40089,1.94416666,1.720909119
988,10.442916,76.260181,7.19416666,7.29454565
989,23.028861,75.964689,5.526666641,11.13363647
990,25.884209,75.958515,1.636666656,1.719090939
991,12.905829,78.951686,9.590833664,9.859090805
992,28.951956,74.225031,1.851666689,2.796363592
993,23.178722,88.026395,8.981666565,29.60181808
994,21.813416,74.974632,1.075833321,1.161818147
995,28.102706,77.30527,6.315833569,5.72545433
996,10.8131538,76.7957998,5.817500114,4.150908947
997,27.5541483,73.230405,5.183333397,12.05090904
998,17.7130381,83.2079988,16.39583397,18.77090836
999,15.465943,79.072447,5.698333263,5.029999733
1000,25.56625,76.6529,1.0,1.0
1001,22.390935,80.808638,1.854166627,2.136363506
1002,26.097998,78.015844,8.506666183,5.79272747
1003,26.573915,88.522596,12.46916676,9.818181992
1004,20.897746,86.21625,4.517499924,5.730908871
1005,24.65939,80.15294,1.0,1.0
1006,17.232887,78.960464,17.50333405,15.98272705
1007,24.447519,71.752014,1.119166613,1.795454621
1008,15.3582487,75.6863757,1.464166641,1.196363688
1009,27.714361,76.742856,1.650833368,1.75454545
1010,26.672845,78.730507,3.501666546,1.710909128
1011,25.798882,74.351686,1.452499986,1.49000001
1012,22.010617,82.323591,3.05916667,3.375454426
1013,12.723887,79.981917,6.525000095,6.858181953
1014,18.6284625,75.6978936,6.649166584,7.916363716
1015,26.451643,85.022817,7.978333473,7.165454388
1016,28.90293,77.641772,15.11833286,13.57909107
1017,27.6941351,73.375813,1.909166694,3.548181772
1018,24.599579,84.70284,4.094166756,4.195454597
1019,25.5,91.33,1.0,1.0
1020,22.930225,86.063708,7.340833187,6.580909252
1021,25.2856,75.897097,1.695833325,1.623636365
1022,17.321673,78.140518,4.121666908,4.769091129
1023,21.343756,79.009054,3.639166594,3.171818256
1024,23.131971,76.689998,2.619166613,2.433636427
1025,18.424491,74.466193,12.97249985,12.94363594
1026,25.973869,72.411661,11.3083334,23.34181786
1027,26.567821,90.218439,1.0,1.0
1028,23.2492475,82.0589565,1.288333297,1.364545465
1029,29.530383,77.198676,4.985833168,10.42363644
1030,28.391538,76.86769,15.65333366,16.89999962
1031,23.3215317,85.1503319,5.496666431,9.889090538
1032,29.058447,73.095777,4.597499847,4.168181896
1033,17.3970162,76.7061871,1.165833354,1.076363564
1034,13.150829,79.834687,3.974166632,3.735454559
1035,17.319992,78.655881,20.6091671,21.22272682
1036,17.121417,78.235572,2.573333263,2.323636293
1037,17.779097,75.524512,9.473333359,15.02454567
1038,29.623442,76.784786,4.629166603,3.433636427
1039,11.237523,78.96018,1.274166703,1.389090896
1040,12.9564,80.2412,37.7816658,36.29090881
1041,26.683184,78.917895,2.795833349,2.410909176
1042,17.7991202,76.1933353,3.950833321,2.316363573
1043,26.3486681,82.2470807,2.327500105,3.690000057
1044,20.302933,74.7588787,1.289999962,2.529999971
1045,19.810393,74.276137,16.29083252,18.64636421
1046,19.676166,73.56628,3.772500038,4.915454388
1047,27.253013,76.766463,20.45666695,15.21272755
1048,26.158577,74.371572,15.20499992,15.00454521
1049,20.1374,85.8392,3.334166527,3.546363592
1050,25.581462,78.375242,1.0,1.0
1051,24.168848,75.013273,5.933333397,5.173636436
1052,19.781093,78.565772,1.444999933,1.149090886
1053,22.082642,70.781004,13.00833321,13.52636337
1054,22.912793,72.957362,3.244166613,3.270909071
1055,26.0558561,85.1829012,2.901666641,2.410909176
1056,10.914016,76.982178,7.700833321,7.601818085
1057,10.921531,76.989327,12.09083366,14.6618185
1058,11.983278,79.78836,4.605000019,3.315454483
1059,9.9297,78.1101,24.36666679,27.2154541
1060,10.536356,78.257059,3.031666756,2.150909185
1061,10.010715,76.257992,4.175833225,3.955454588
1062,16.572341,80.862502,3.915833473,3.621818066
1063,25.177356,82.97345,14.39333344,11.92181778
1064,21.449859,84.115361,6.932499886,6.2409091
1065,10.11086,78.17934,3.301666737,5.965454578
1066,8.862935,78.117106,4.697500229,4.159090996
1067,15.887742,78.016978,11.07333374,8.069999695
1068,23.542861,85.502734,8.514166832,10.04181862
1069,23.668205,86.045153,5.614999771,6.927272797
1070,29.40749,78.446624,12.53083324,11.41727257
1071,25.1649077,77.6035472,4.809999943,7.915454388
1072,22.681826,86.397622,11.83333397,7.789090633
1073,26.5004499,75.9983801,3.732500076,4.186363697
1074,28.29256,75.70622,2.067499876,1.622727275
1075,26.245792,92.54147,2.741666794,2.519999981
1076,27.164087,77.815004,3.288333416,9.544545174
1077,17.005867,78.194493,12.12666702,8.530909538
1078,26.063612,74.059477,9.380000114,8.859999657
1079,25.834083,83.564128,19.76250076,19.1427269
1080,29.486832,73.391,2.880000114,3.592727184
1081,26.859184,76.105596,6.981666565,6.940000057
1082,13.319,76.6963,14.18249989,10.36272717
1083,22.654299,88.325166,27.26000023,29.83272743
1084,26.225144,86.150263,5.276666641,4.561818123
1085,17.192464,78.22308,4.375833511,3.722727299
1086,19.0431887,72.8248015,29.29000092,49.7845459
1087,26.8539706,77.7228186,2.464999914,2.25545454
1088,23.957803,75.860369,1.0,1.0
1089,25.461841,78.451052,5.834166527,7.22181797
1090,24.562992,76.114578,7.64416647,9.837272644
1091,27.025063,71.946276,3.204166651,3.842727184
1092,25.278913,77.614165,1.679166675,1.674545407
1093,25.726413,81.92581,5.572500229,6.451817989
1094,22.98407,72.6638,34.97999954,33.62818146
1095,22.24076,87.39207,30.49583244,30.33818245
1096,23.09635,72.68619,25.36750031,27.6072731
1097,26.68477778,89.23083333,3.272500038,2.619999886
1098,20.365667,84.793588,1.44749999,1.387272716
1099,22.18080556,75.1875,1.600000024,1.548181891
1100,14.2104914,79.5602205,1.0,1.0
1101,11.193895,78.103219,3.379166603,3.818181753
1102,27.726086,75.075979,8.051667213,7.078181744
1103,24.3234,85.3881,6.240833282,5.24454546
1104,28.704345,77.522078,20.14750099,20.43818283
1105,22.246727,76.001647,1.840833306,1.690909028
1106,24.539445,81.3514053,11.47833347,11.04181767
1107,26.630845,78.143699,1.657500029,2.822727203
1108,26.242449,78.313129,4.271666527,4.086363792
1109,22.628823,75.78631,13.51416683,16.57181931
1110,17.124448,78.313874,3.141666651,3.717272758
1111,15.2253,79.4592,1.0,1.0
1112,15.993396,80.598593,1.532500029,5.551818371
1113,27.1888,78.00405,41.03749847,43.81000137
1114,18.2943,79.1171,4.335000038,5.183636189
1115,26.67705,75.66506,1.491666675,1.50181818
1116,24.53725,81.3494444,6.053333282,5.826363564
1117,21.1579085,79.0102789,16.38083267,13.16636372
1118,22.601715,74.928755,1.419166684,1.136363626
1119,28.754563,76.795216,10.12416649,9.224545479
1120,23.3306354,76.1757945,10.18000031,9.100909233
1121,19.28019,78.409222,3.13499999,2.931818247
1122,26.767878,81.949556,7.885833263,7.249091148
1123,28.141426,77.574548,9.86416626,10.48545456
1124,26.373555,85.493897,4.652500153,4.337272644
1125,25.1100285,73.9887022,13.25333309,11.65636349
1126,13.525577,79.532925,5.512500286,5.50545454
1127,28.154095,80.100556,1.210000038,1.198181868
1128,25.490249,81.996729,4.88166666,8.091817856
1129,25.8024478,85.2834059,11.05416679,10.10545444
1130,30.196922,76.70574,3.299999952,4.03909111
1131,16.5356759,77.9444736,5.545833588,4.346363544
1132,8.975702,77.774608,6.385833263,8.92545414
1133,28.003871,73.11499,12.49833298,9.074544907
1134,19.59912,77.392335,15.125,5.610908985
1135,26.631703,84.238336,5.988333225,5.969090939
1136,23.629129,88.359582,9.566666603,9.433636665
1137,23.108205,80.001234,5.079999924,4.921818256
1138,23.308555,70.49059,17.19166756,15.32909107
1139,10.92937,78.744056,21.27083397,18.49272728
1140,21.353192,83.684183,8.040833473,9.745454788
1141,22.97411,72.47305,11.42916679,11.29272747
1142,22.166554,76.113996,1.920833349,1.736363649
1143,25.23411,72.0651,1.0,1.0
1144,29.720628,74.438664,2.299999952,2.377272606
1145,15.800694,74.804861,1.280833364,1.062727213
1146,25.095935,79.942031,2.325000048,2.030909061
1147,17.2883106,77.0015798,1.129166603,1.086363673
1148,30.890896,77.005475,19.56416702,18.72909164
1149,28.598968,77.258226,36.0941658,37.65999985
1150,28.578965,79.862811,2.38166666,1.950000048
1151,19.45149547,79.315,4.049166679,4.070909023
1152,17.5809346,76.4218373,1.62166667,1.239090919
1153,23.115915,79.049163,18.62416649,15.30090904
1154,22.742188,74.986108,1.0,1.0
1155,18.096508,75.0661222,9.959166527,7.190908909
1156,23.492569,74.800278,1.639166713,1.581818223
1157,30.04077778,77.3875,27.83833313,21.32636261
1158,24.957125,83.954997,10.23083305,9.152727127
1159,13.476043,74.7127896,3.711666584,3.50454545
1160,26.687394,88.2310881,4.254166603,5.03545475
1161,26.043438,83.277038,12.48499966,11.27999973
1162,24.599579,84.70284,4.094166756,4.195454597
1163,17.7643864,75.7558759,11.48083305,11.86636353
1164,19.967322,75.378833,29.58166504,18.24090958
1165,30.00376,77.710907,31.7816658,22.17636299
1166,16.423222,81.6385,2.125,5.513636589
1167,23.288508,77.706068,1.075000048,1.0
1168,26.114701,83.134473,10.32499981,10.41545486
1169,20.839359,78.859699,25.62833405,14.99636364
1170,18.676103,76.391998,2.520833254,1.372727275
1171,21.193194,78.896639,5.869166851,4.368181705
1172,22.075667,79.617528,1.250833273,1.138181806
1173,22.055251,79.677023,1.0,1.0
1174,23.873788,76.107003,2.110833406,5.336363792
1175,27.0665989,83.610558,2.751666784,1.600000024
1176,26.356825,82.260675,14.17166615,12.60000038
1177,25.636776,78.875045,5.766666412,4.856363773
1178,21.088244,80.034186,2.50666666,2.518181801
1179,11.706434,79.322335,11.63833332,8.25727272
1180,27.51125,72.279986,1.0,1.0
1181,21.429889,86.836645,3.336666584,2.99545455
1182,10.193994,77.79427,2.494999886,1.920909047
1183,23.2816398,81.4293698,3.196666718,3.150000095
1184,26.949445,81.256453,3.839999914,5.194545269
1185,15.357898,76.312781,8.207500458,5.016363621
1186,27.99978,76.430522,17.36750031,15.13181782
1187,25.410189,86.212352,10.73166656,10.22636414
1188,25.59767,74.87327,1.0,1.0
1189,23.1501,79.7212,5.221666813,3.734545469
1190,17.343361,78.341763,6.66833353,8.513636589
1191,17.151163,78.224438,4.164166451,2.776363611
1192,12.982709,76.228913,15.34083366,13.29363632
1193,18.947388,73.178849,5.882500172,8.234545708
1194,18.947199,73.1786522,5.882500172,8.234545708
1195,27.485703,76.844763,22.01499939,25.00818253
1196,29.9888,75.1378,3.285833359,3.420909166
1197,20.391363,77.222332,23.19249916,12.23454571
1198,20.173582,79.007495,13.89916706,12.35818195
1199,10.1588453,78.6509687,1.622499943,1.409090877
1200,19.906443,75.48958,3.114166737,2.707272768
1201,15.260165,75.177026,1.306666732,1.270909071
1202,26.821964,83.293971,13.61166668,11.13909054
1203,12.84035,77.41846,18.65833282,17.03181839
1204,24.150449,88.18629,5.832499981,7.114545345
1205,19.09779,73.071728,14.71833324,16.97181892
1206,21.319733,74.889272,7.55583334,8.582727432
1207,13.9333649,74.5965095,6.361666679,5.113636494
1208,25.434629,80.1279154,1.645833373,2.00636363
1209,24.0937133,74.7523369,1.334166646,1.477272749
1210,19.970446,76.099052,20.47249985,11.60545444
1211,26.978589,76.573914,2.702500105,3.056363583
1212,26.944488,76.557567,5.29333353,4.638181686
1213,23.309393,78.45677,2.387500048,2.092727184
1214,25.170089,76.130552,2.899166584,3.543636322
1215,17.589631,79.276944,2.053333282,1.361818194
1216,17.192,79.871,23.43416595,24.16272736
1217,24.712917,80.585349,1.986666679,2.074545383
1218,26.780375,72.821083,1.0,4.491817951
1219,27.93268775,76.12719041,5.394999981,6.237272739
1220,25.490262,77.494286,1.117499948,1.0
1221,26.7473,75.7686,14.40333366,17.77181816
1222,29.095601,77.710995,12.81500053,16.16636276
1223,27.785854,74.747014,4.671666622,6.493636608
1224,22.335479,87.869477,4.560833454,4.732727051
1225,21.050768,74.784939,6.308333397,4.670000076
1226,25.924418,84.967832,3.267499924,3.190909147
1227,23.360541,77.218446,8.489999771,6.952727318
1228,24.3958,81.8024,3.829166651,3.279999971
1229,26.1098541,75.7435763,3.086666584,3.171818256
1230,22.6118196,75.7764414,14.06166649,17.23545456
1231,25.5897643,81.8407997,3.542500019,4.429090977
1232,23.548958,85.756721,2.089166641,2.604545593
1233,22.5501006,70.3491712,9.967499733,8.999091148
1234,19.029739,73.089815,17.76333237,23.78181839
1235,28.00548,77.332377,4.780833244,6.155454636
1236,12.982155,79.968944,14.81833363,13.44090939
1237,20.678864,86.165581,1.601666689,1.381818175
1238,20.862,74.971,6.15749979,10.14909077
1239,22.0753298,86.6433381,6.16833353,6.295454502
1240,26.87330556,88.91472222,1.55250001,1.153636336
1241,13.744936,79.990993,4.721666813,3.080909014
1242,17.333045,78.184737,1.728333354,1.954545498
1243,32.0061,77.2777,1.0,1.24636364
1244,23.233738,70.689457,9.316666603,8.874545097
1245,13.136678,80.181624,22.69166756,23.12000084
1246,13.013341,74.792875,7.0,5.279090881
1247,25.933558,87.843381,2.520833254,2.119999886
1248,22.160372,74.774565,1.0,1.0
1249,17.695444,78.095667,19.00666618,12.57909107
1250,26.8479,79.3174,18.66833305,17.00636292
1251,31.81086389,77.18405556,1.542500019,1.620000005
1252,12.7590772,74.8743029,2.842499971,3.014545441
1253,23.751029,78.756334,1.740833282,1.909999967
1254,18.713938,73.645848,22.90083313,25.31727219
1255,23.585443,76.737047,2.653333426,1.619090915
1256,17.8261927,76.7398762,8.605833054,8.229090691
1257,22.032864,74.962111,1.786666632,1.870909095
1258,17.8519632,75.9653571,4.074999809,3.632727385
1259,26.8700372,74.2927598,1.0,1.0
1260,29.390801,77.135678,11.95666695,11.72363663
1261,23.6679825,86.0449121,4.432499886,5.53727293
1262,15.358166,80.040105,13.86250019,10.90818214
1263,27.0133229,73.5005487,1.912500024,2.24000001
1264,17.222251,78.40529,5.218333244,6.172727108
1265,22.741453,70.488588,5.978333473,8.190909386
1266,21.48295722,81.69098972,4.24333334,3.829999924
1267,15.359531,75.051265,6.627500057,6.27818203
1268,20.665869,76.719947,9.853333473,7.485454559
1269,27.19587,79.36699,15.01749992,14.80727291
1270,17.365756,74.122928,8.074999809,8.374545097
1271,27.089775,75.7415,9.020833015,10.46090889
1272,28.219695,76.997181,7.864999771,8.184545517
1273,24.154869,78.065187,1.176666617,1.0
1274,22.65033,79.93069,1.146666646,1.061818123
1275,26.724015,83.274398,7.079999924,7.71999979
1276,21.117914,81.122298,4.23083353,4.156363487
1277,29.9105,76.50713,3.212500095,3.364545345
1278,32.6122983,74.9376458,14.125,12.61727238
1279,13.375431,79.078265,1.817499995,2.097272635
1280,11.989279,79.475046,1.81583333,1.535454631
1281,26.843328,75.615578,12.70833302,16.3572731
1282,15.05737,76.3569,17.87833405,9.9290905
1283,28.480289,79.283886,11.13916683,9.969090462
1284,29.9105,76.50713,3.212500095,3.364545345
1285,11.396808,78.99356,14.59916687,10.14000034
1286,10.885791,78.557668,1.910833359,1.480000019
1287,8.206201,77.460289,13.35833359,10.84909058
1288,8.432799,76.959632,24.12333298,17.56272697
1289,12.9564,80.2412,37.7816658,36.29090881
1290,16.538341,79.798918,5.188333511,3.892727375
1291,10.739075,78.825026,1.81916666,2.24727273
1292,17.00835,75.75887,22.61583328,14.94363689
1293,28.057867,74.747246,7.539166451,8.895454407
1294,27.922797,76.838581,4.927499771,6.046363831
1295,23.613398,79.087741,1.688333392,1.480909109
1296,23.069638,74.546258,2.140833378,4.980909348
1297,23.2216027,79.8354176,4.684999943,2.75090909
1298,15.542704,76.447683,8.896666527,4.408181667
1299,9.780766,78.335269,7.106666565,4.870909214
1300,23.217097,79.043014,2.294166565,2.208181858
1301,26.7704556,76.3391978,12.02499962,9.586363792
1302,25.242639,85.786389,3.850000143,3.703636408
1303,29.277272,74.631967,1.200000048,1.399999976
1304,23.12854,72.59257,18.83416748,21.09000015
1305,11.005088,77.069038,12.81583309,13.75363636
1306,11.012859,77.073174,8.524167061,7.71090889
1307,17.210101,78.214002,2.555000067,2.463636398
1308,13.6473,79.4021,22.20499992,28.16818237
1309,17.121063,78.283524,3.12166667,3.24181819
1310,13.344609,77.142203,5.884166718,7.519999981
1311,13.042389,77.475278,26.73500061,29.07636261
1312,27.218247,78.272821,12.64750004,11.78727245
1313,20.079417,77.762278,1.05250001,1.447272778
1314,23.94133333,80.81305556,1.0,1.00363636
1315,28.450153,73.798944,8.079999924,9.499091148
1316,28.023441,73.413482,6.960833073,6.252727032
1317,25.0854986,79.7085139,2.857500076,2.066363573
1318,23.173326,75.734782,4.039166451,4.119091034
1319,24.418694,76.188203,2.268333435,1.903636336
1320,33.5678,75.1832,27.18583298,24.82363701
1321,29.9105,76.50713,3.212500095,3.364545345
1322,20.293963,78.6838,1.438333392,1.284545422
1323,21.1034495,79.1453082,23.97249985,19.90636444
1324,26.572702,81.558692,7.084166527,7.20727253
1325,18.271041,74.525696,1.351666689,5.449999809
1326,20.439943,76.459241,3.223333359,2.157272816
1327,24.633564,72.907054,5.547500134,5.549090862
1328,16.823733,81.430668,5.082499981,5.100909233
1329,9.942242,77.419467,2.0,2.333636284
1330,31.37004,74.9525751,3.814166546,4.460000038
1331,12.8616039,80.1718917,9.125,9.82818222
1332,25.033571,72.94353,10.52583313,8.001817703
1333,14.67349,77.45764,2.676666737,2.214545488
1334,22.413798,73.149308,8.546667099,9.345454216
1335,22.353256,73.236924,13.65250015,14.55000019
1336,8.7362399,78.0238105,3.377500057,8.78181839
1337,22.42301,71.088805,9.152500153,9.334545135
1338,18.789594,75.578082,3.908333302,2.232727289
1339,11.513282,77.923946,4.216666698,3.737272739
1340,23.12824,72.51773,12.56583309,15.10090923
1341,9.8266107,78.0823004,3.789166689,3.810909033
1342,12.744801,79.151431,2.62166667,3.271818161
1343,17.588648,76.076227,6.189166546,5.131818295
1344,10.744371,78.834044,5.969166756,5.582727432
1345,13.043526,80.149598,31.49749947,27.24909019
1346,15.819341,76.174865,4.752500057,3.105454445
1347,21.664929,69.709536,8.587499619,9.271818161
1348,9.939015,78.1764076,7.909999847,9.690909386
1349,12.648554,78.5833,9.416666985,13.55000019
1350,22.4460011,70.5835058,4.927500248,5.070909023
1351,23.61615,73.254472,1.856666684,2.109090805
1352,12.9300926,80.0799475,17.25250053,13.72181797
1353,23.791235,71.427581,4.865833282,5.558181763
1354,17.957556,75.330977,8.719166756,5.911818027
1355,22.453302,73.070523,11.3708334,10.590909
1356,19.063952,72.980388,19.87916756,18.09181786
1357,22.50433,72.42652,16.87916756,15.68454552
1358,22.792571,73.533274,3.542500019,3.635454655
1359,11.736464,79.010409,4.252500057,4.814545631
1360,16.997034,81.491183,2.5,2.051818132
1361,10.99368,77.41802,2.438333273,2.730000019
1362,10.6990089,77.93067,3.154999971,3.161818266
1363,17.397831,82.67582,3.690000057,4.414545536
1364,9.542493,78.863225,7.34916687,5.603636265
1365,22.563293,88.331751,27.84749985,26.81363678
1366,24.789578,78.448855,2.837500095,2.396363497
1367,11.245714,77.519702,5.46999979,6.092727184
1368,12.024441,79.538059,8.266666412,6.611818314
1369,20.791275,78.351523,17.51000023,12.51272774
1370,19.890278,79.339722,5.822500229,4.117272854
1371,23.022194,77.570611,6.927499771,7.016363621
1372,20.449118,78.370512,1.790833354,1.760909081
1373,21.1489772,79.0028058,18.6483326,18.9636364
1374,20.978788,78.932204,59.3983345,38.94727325
1375,31.731947,75.041365,6.166666508,5.865454674
1376,15.051567,76.508268,1.0,1.137272716
1377,18.3074605,75.9890916,6.255000114,9.605454445
1378,12.247019,76.883537,2.989166737,3.661818266
1379,20.47821,76.20938,1.615833282,1.457272768
1380,20.802832,78.597029,28.25916672,16.40181732
1381,17.247402,79.580502,2.674999952,2.25636363
1382,14.168016,78.134528,1.090000033,1.362727284
1383,30.3848746,74.9829043,8.233333588,7.479090691
