ReadDateTime,merchantId,PV,FV,Total
2023-05-31,380027,532,140,672
2023-06-30,380027,87704,19120,106824
2023-07-31,380027,71172,17720,88892
2023-08-31,380027,68558,18035,86593
2023-09-30,380027,63161,15790,78951
2023-10-31,380027,74187,17350,91537
2023-11-30,380027,77514,15927,93441
2023-12-31,380027,84687,19498,104185
2024-01-31,380027,72155,17056,89211
2024-02-29,380027,79028,19336,98364
2024-03-31,380027,78594,18662,97256
2024-04-30,380027,81098,18816,99914
2024-05-31,380027,85177,19301,104478
2023-06-30,380026,31601,17488,49089
2023-07-31,380026,27092,17054,44146
2023-08-31,380026,29607,21567,51174
2023-09-30,380026,21296,15223,36519
2023-10-31,380026,23148,14007,37155
2023-11-30,380026,32812,15819,48631
2023-12-31,380026,37507,19888,57395
2024-01-31,380026,27436,13707,41143
2024-02-29,380026,32109,12262,44371
2024-03-31,380026,32164,12683,44847
2024-04-30,380026,36358,12061,48419
2024-05-31,380026,27346,15127,42473
2023-06-30,380018,118196,41071,159267
2023-07-31,380018,97814,33383,131197
2023-08-31,380018,98126,26420,124546
2023-09-30,380018,83190,23819,107009
2023-10-31,380018,93820,28287,122107
2023-11-30,380018,117947,30540,148487
2023-12-31,380018,121160,40365,161525
2024-01-31,380018,92496,31516,124012
2024-02-29,380018,104724,37152,141876
2024-03-31,380018,112785,37261,150046
2024-04-30,380018,118007,41017,159024
2024-05-31,380018,98341,37712,136053
2023-05-31,380020,1,1,2
2023-06-30,380020,101954,65342,167296
2023-07-31,380020,62752,48860,111612
2023-08-31,380020,62253,44711,106964
2023-09-30,380020,59123,45673,104796
2023-10-31,380020,72992,55141,128133
2023-11-30,380020,84744,54322,139066
2023-12-31,380020,84945,56677,141622
2024-01-31,380020,64706,48881,113587
2024-02-29,380020,75502,56717,132219
2024-03-31,380020,78161,67625,145786
2024-04-30,380020,72274,76704,148978
2024-05-31,380020,72104,78622,150726
2023-05-31,380024,3,1,4
2023-06-30,380024,38894,54489,93383
2023-07-31,380024,32534,50103,82637
2023-08-31,380024,31471,41158,72629
2023-09-30,380024,30585,32401,62986
2023-10-31,380024,33306,37937,71243
2023-11-30,380024,44868,50633,95501
2023-12-31,380024,50445,62993,113438
2024-01-31,380024,34500,50649,85149
2024-02-29,380024,37585,56551,94136
2024-03-31,380024,36098,56570,92668
2024-04-30,380024,37105,56725,93830
2024-05-31,380024,26782,50932,77714
2023-05-31,380015,2,0,2
2023-06-30,380015,66049,53827,119876
2023-07-31,380015,63163,45808,108971
2023-08-31,380015,60790,44746,105536
2023-09-30,380015,50661,45618,96279
2023-10-31,380015,58140,51033,109173
2023-11-30,380015,61160,48588,109748
2023-12-31,380015,63381,52897,116278
2024-01-31,380015,51236,49430,100666
2024-02-29,380015,53841,52940,106781
2024-03-31,380015,54718,56511,111229
2024-04-30,380015,47344,55614,102958
2024-05-31,380015,54442,55603,110045
2023-05-31,540012,161,108,269
2023-06-30,540012,1295240,298935,1594175
2023-07-31,540012,1208672,199060,1407732
2023-08-31,540012,1266834,236455,1503289
2023-09-30,540012,1114082,205056,1319138
2023-10-31,540012,1205953,230569,1436522
2023-11-30,540012,1240219,209563,1449782
2023-12-31,540012,1325231,246542,1571773
2024-01-31,540012,1267955,215846,1483801
2024-02-29,540012,1232616,208207,1440823
2024-03-31,540012,1246902,214138,1461040
2024-04-30,540012,1205162,187447,1392609
2024-05-31,540012,1297449,184085,1481534
2023-05-31,540511,2,2,4
2023-06-30,540511,16052,11574,27626
2023-07-31,540511,17669,8428,26097
2023-08-31,540511,18245,8260,26505
2023-09-30,540511,15162,7683,22845
2023-10-31,540511,19194,9062,28256
2023-11-30,540511,17630,8915,26545
2023-12-31,540511,17915,11959,29874
2024-01-31,540511,14206,12084,26290
2024-02-29,540511,15795,10465,26260
2024-03-31,540511,14689,9439,24128
2024-04-30,540511,14566,8299,22865
2024-05-31,540511,16057,9629,25686
2023-06-30,517000,78118,389,78507
2023-07-31,517000,8140,75,8215
2023-08-31,517000,0,0,0
2023-09-30,517000,0,0,0
2023-10-31,517000,0,0,0
2023-11-30,517000,0,0,0
2023-12-31,517000,0,0,0
2024-01-31,517000,7,0,7
2024-02-29,517000,0,0,0
2024-03-31,517000,0,0,0
2024-04-30,517000,8279,22,8301
2024-05-31,517000,45438,127,45565
2023-05-31,540027,8,12,20
2023-06-30,540027,4203,11868,16071
2023-07-31,540027,3825,9494,13319
2023-08-31,540027,3885,10700,14585
2023-09-30,540027,3579,8302,11881
2023-10-31,540027,4841,7835,12676
2023-11-30,540027,5242,7237,12479
2023-12-31,540027,5632,9304,14936
2024-01-31,540027,5840,9277,15117
2024-02-29,540027,6664,8432,15096
2024-03-31,540027,7842,8689,16531
2024-04-30,540027,7097,7333,14430
2024-05-31,540027,7033,8875,15908
2023-05-31,536032,7,26,33
2023-06-30,536032,110265,210111,320376
2023-07-31,536032,111363,216854,328217
2023-08-31,536032,112339,223305,335644
2023-09-30,536032,102502,202256,304758
2023-10-31,536032,120210,239167,359377
2023-11-30,536032,115003,194368,309371
2023-12-31,536032,127677,238522,366199
2024-01-31,536032,124041,229915,353956
2024-02-29,536032,136489,251297,387786
2024-03-31,536032,140574,262267,402841
2024-04-30,536032,132280,246828,379108
2024-05-31,536032,137896,254774,392670
2023-05-31,540044,41,15,56
2023-06-30,540044,5821,3245,9066
2023-07-31,540044,4684,3208,7892
2023-08-31,540044,5590,3563,9153
2023-09-30,540044,4940,3242,8182
2023-10-31,540044,5432,4176,9608
2023-11-30,540044,7539,3644,11183
2023-12-31,540044,6839,4486,11325
2024-01-31,540044,6810,4450,11260
2024-02-29,540044,7028,4707,11735
2024-03-31,540044,7240,5425,12665
2024-04-30,540044,6979,4595,11574
2024-05-31,540044,7482,5417,12899
2023-05-31,520014,37,12,49
2023-06-30,520014,18112,2651,20763
2023-07-31,520014,12255,2331,14586
2023-08-31,520014,12959,2723,15682
2023-09-30,520014,12420,2389,14809
2023-10-31,520014,15686,3365,19051
2023-11-30,520014,19687,3365,23052
2023-12-31,520014,21293,5910,27203
2024-01-31,520014,16319,4609,20928
2024-02-29,520014,19369,4629,23998
2024-03-31,520014,22078,4536,26614
2024-04-30,520014,20636,3902,24538
2024-05-31,520014,19623,4807,24430
2023-05-31,520035,0,1,1
2023-06-30,520035,49604,9538,59142
2023-07-31,520035,39337,9658,48995
2023-08-31,520035,39254,9434,48688
2023-09-30,520035,37842,8490,46332
2023-10-31,520035,51755,11532,63287
2023-11-30,520035,46922,10781,57703
2023-12-31,520035,48678,12401,61079
2024-01-31,520035,42233,11508,53741
2024-02-29,520035,48447,12326,60773
2024-03-31,520035,44906,13445,58351
2024-04-30,520035,53011,12185,65196
2024-05-31,520035,44078,11536,55614
2023-05-31,536012,2,3,5
2023-06-30,536012,27296,73101,100397
2023-07-31,536012,27931,74573,102504
2023-08-31,536012,30170,74964,105134
2023-09-30,536012,27633,63505,91138
2023-10-31,536012,30048,66210,96258
2023-11-30,536012,32460,64864,97324
2023-12-31,536012,34890,83788,118678
2024-01-31,536012,32857,81447,114304
2024-02-29,536012,34270,81296,115566
2024-03-31,536012,35893,83422,119315
2024-04-30,536012,31521,78316,109837
2024-05-31,536012,36184,83533,119717
2023-05-31,392008,1,4,5
2023-06-30,392008,139489,192073,331562
2023-07-31,392008,104239,199415,303654
2023-08-31,392008,98827,199015,297842
2023-09-30,392008,86756,184392,271148
2023-10-31,392008,114302,204828,319130
2023-11-30,392008,129696,203242,332938
2023-12-31,392008,139392,215831,355223
2024-01-31,392008,104890,200666,305556
2024-02-29,392008,115290,212465,327755
2024-03-31,392008,136159,232241,368400
2024-04-30,392008,134804,214156,348960
2024-05-31,392008,110730,232536,343266
2023-05-31,380025,6,3,9
2023-06-30,380025,51957,40890,92847
2023-07-31,380025,48143,41810,89953
2023-08-31,380025,47204,32992,80196
2023-09-30,380025,38979,25109,64088
2023-10-31,380025,44258,29671,73929
2023-11-30,380025,58510,39338,97848
2023-12-31,380025,62867,47148,110015
2024-01-31,380025,47162,36697,83859
2024-02-29,380025,51968,39988,91956
2024-03-31,380025,46955,41724,88679
2024-04-30,380025,52416,47290,99706
2024-05-31,380025,44003,41508,85511
2023-05-31,380023,1,0,1
2023-06-30,380023,33669,11382,45051
2023-07-31,380023,28743,11612,40355
2023-08-31,380023,27943,10976,38919
2023-09-30,380023,28809,9483,38292
2023-10-31,380023,31738,11909,43647
2023-11-30,380023,37732,13458,51190
2023-12-31,380023,39127,17471,56598
2024-01-31,380023,30974,15838,46812
2024-02-29,380023,36473,16350,52823
2024-03-31,380023,37956,13226,51182
2024-04-30,380023,37364,13152,50516
2024-05-31,380023,29146,11287,40433
2023-05-31,380017,28,11,39
2023-06-30,380017,87382,110509,197891
2023-07-31,380017,76247,124288,200535
2023-08-31,380017,70010,123428,193438
2023-09-30,380017,58867,112734,171601
2023-10-31,380017,64224,122317,186541
2023-11-30,380017,65644,84347,149991
2023-12-31,380017,77771,91489,169260
2024-01-31,380017,63533,74947,138480
2024-02-29,380017,65345,74550,139895
2024-03-31,380017,69431,83203,152634
2024-04-30,380017,62425,73130,135555
2024-05-31,380017,73143,72507,145650
2023-05-31,380022,25,41,66
2023-06-30,380022,43993,96238,140231
2023-07-31,380022,42693,82628,125321
2023-08-31,380022,42750,71655,114405
2023-09-30,380022,33211,63766,96977
2023-10-31,380022,38209,77135,115344
2023-11-30,380022,40834,82114,122948
2023-12-31,380022,40882,96272,137154
2024-01-31,380022,30820,91292,122112
2024-02-29,380022,32136,99209,131345
2024-03-31,380022,39182,119489,158671
2024-04-30,380022,38996,117834,156830
2024-05-31,380022,40771,119680,160451
2023-05-31,380016,1,0,1
2023-06-30,380016,147940,128927,276867
2023-07-31,380016,125756,126472,252228
2023-08-31,380016,126954,126472,253426
2023-09-30,380016,110481,119514,229995
2023-10-31,380016,121634,146543,268177
2023-11-30,380016,149844,140269,290113
2023-12-31,380016,159733,156283,316016
2024-01-31,380016,121380,124613,245993
2024-02-29,380016,140854,137442,278296
2024-03-31,380016,152249,144850,297099
2024-04-30,380016,149913,140917,290830
2024-05-31,380016,132043,150601,282644
2023-05-31,380019,4,0,4
2023-06-30,380019,49931,9927,59858
2023-07-31,380019,44949,7693,52642
2023-08-31,380019,43317,7550,50867
2023-09-30,380019,30239,6834,37073
2023-10-31,380019,34312,7368,41680
2023-11-30,380019,44509,7636,52145
2023-12-31,380019,43830,7840,51670
2024-01-31,380019,30496,8096,38592
2024-02-29,380019,35490,7675,43165
2024-03-31,380019,39675,8117,47792
2024-04-30,380019,39928,8468,48396
2024-05-31,380019,32223,9595,41818
2023-05-31,570012,1,1,2
2023-06-30,570012,22941,22669,45610
2023-07-31,570012,19844,23368,43212
2023-08-31,570012,19697,23211,42908
2023-09-30,570012,22184,22021,44205
2023-10-31,570012,23261,25915,49176
2023-11-30,570012,24454,21997,46451
2023-12-31,570012,22582,26129,48711
2024-01-31,570012,21637,22116,43753
2024-02-29,570012,28878,24221,53099
2024-03-31,570012,26112,26050,52162
2024-04-30,570012,25084,22893,47977
2024-05-31,570012,22899,22590,45489
2023-05-31,560017,2,5,7
2023-06-30,560017,63596,170242,233838
2023-07-31,560017,65223,172848,238071
2023-08-31,560017,66725,171204,237929
2023-09-30,560017,63094,154911,218005
2023-10-31,560017,68150,181648,249798
2023-11-30,560017,65306,162073,227379
2023-12-31,560017,64047,166546,230593
2024-01-31,560017,67019,165213,232232
2024-02-29,560017,69025,193036,262061
2024-03-31,560017,66158,203561,269719
2024-04-30,560017,62661,179737,242398
2024-05-31,560017,65881,184353,250234
2023-05-31,570011,2,7,9
2023-06-30,570011,35552,36599,72151
2023-07-31,570011,34898,37825,72723
2023-08-31,570011,34699,40363,75062
2023-09-30,570011,32122,38966,71088
2023-10-31,570011,31847,43875,75722
2023-11-30,570011,36250,35982,72232
2023-12-31,570011,36543,42565,79108
2024-01-31,570011,35543,39228,74771
2024-02-29,570011,40278,42789,83067
2024-03-31,570011,37782,44866,82648
2024-04-30,570011,33711,39216,72927
2024-05-31,570011,34761,39222,73983
2023-05-31,560022,27,34,61
2023-06-30,560022,1235526,252317,1487843
2023-07-31,560022,1266377,221239,1487616
2023-08-31,560022,1307356,249597,1556953
2023-09-30,560022,1186460,212372,1398832
2023-10-31,560022,1262757,204309,1467066
2023-11-30,560022,1254439,238098,1492537
2023-12-31,560022,1360860,223612,1584472
2024-01-31,560022,1320455,229598,1550053
2024-02-29,560022,1266023,250198,1516221
2024-03-31,560022,1296535,267725,1564260
2024-04-30,560022,1254727,233524,1488251
2024-05-31,560022,1209570,242296,1451866
2023-05-31,570010,4,2,6
2023-06-30,570010,78896,46880,125776
2023-07-31,570010,75211,47399,122610
2023-08-31,570010,74820,50413,125233
2023-09-30,570010,68634,47342,115976
2023-10-31,570010,61964,52834,114798
2023-11-30,570010,73519,43582,117101
2023-12-31,570010,71377,50677,122054
2024-01-31,570010,66784,46592,113376
2024-02-29,570010,73917,50837,124754
2024-03-31,570010,70034,53061,123095
2024-04-30,570010,67977,46580,114557
2024-05-31,570010,70426,47322,117748
2023-05-31,570013,2,3,5
2023-06-30,570013,68262,34769,103031
2023-07-31,570013,59369,35046,94415
2023-08-31,570013,58799,35690,94489
2023-09-30,570013,58784,33742,92526
2023-10-31,570013,76336,40223,116559
2023-11-30,570013,64149,34436,98585
2023-12-31,570013,63386,40555,103941
2024-01-31,570013,56943,34643,91586
2024-02-29,570013,71303,39619,110922
2024-03-31,570013,70124,39928,110052
2024-04-30,570013,70903,37949,108852
2024-05-31,570013,63823,36964,100787
2023-05-31,570028,12,13,25
2023-06-30,570028,71840,41133,112973
2023-07-31,570028,60849,44334,105183
2023-08-31,570028,64574,49328,113902
2023-09-30,570028,60887,43489,104376
2023-10-31,570028,64008,51857,115865
2023-11-30,570028,64052,44188,108240
2023-12-31,570028,62011,46388,108399
2024-01-31,570028,54601,39462,94063
2024-02-29,570028,55007,24365,79372
2024-03-31,570028,50507,12940,63447
2024-04-30,570028,50626,15168,65794
2024-05-31,570028,52722,13273,65995
2023-05-31,570024,2,0,2
2023-06-30,570024,23863,7280,31143
2023-07-31,570024,22680,5742,28422
2023-08-31,570024,23627,5572,29199
2023-09-30,570024,19926,4790,24716
2023-10-31,570024,20740,5585,26325
2023-11-30,570024,23744,4517,28261
2023-12-31,570024,27274,6238,33512
2024-01-31,570024,25790,6208,31998
2024-02-29,570024,27869,7232,35101
2024-03-31,570024,26983,11700,38683
2024-04-30,570024,26124,7529,33653
2024-05-31,570024,28811,8603,37414
2023-05-31,48001,10,19,29
2023-06-30,48001,165951,173047,338998
2023-07-31,48001,163031,181030,344061
2023-08-31,48001,166413,180663,347076
2023-09-30,48001,144636,169490,314126
2023-10-31,48001,163943,185823,349766
2023-11-30,48001,151533,160068,311601
2023-12-31,48001,157998,165974,323972
2024-01-31,48001,168156,169121,337277
2024-02-29,48001,157279,190089,347368
2024-03-31,48001,163642,205758,369400
2024-04-30,48001,160921,176691,337612
2024-05-31,48001,178240,181170,359410
2023-05-31,556017,10,5,15
2023-06-30,556017,90449,34218,124667
2023-07-31,556017,84824,29615,114439
2023-08-31,556017,84614,31384,115998
2023-09-30,556017,76224,24659,100883
2023-10-31,556017,91803,28100,119903
2023-11-30,556017,89239,34280,123519
2023-12-31,556017,105036,37293,142329
2024-01-31,556017,97204,28213,125417
2024-02-29,556017,91869,26756,118625
2024-03-31,556017,91471,30910,122381
2024-04-30,556017,99930,28357,128287
2024-05-31,556017,104070,32669,136739
2023-05-31,556022,7,6,13
2023-06-30,556022,76446,14390,90836
2023-07-31,556022,77808,12413,90221
2023-08-31,556022,76174,11729,87903
2023-09-30,556022,71092,10183,81275
2023-10-31,556022,79651,11918,91569
2023-11-30,556022,79495,11728,91223
2023-12-31,556022,82267,15776,98043
2024-01-31,556022,76844,14945,91789
2024-02-29,556022,80464,15777,96241
2024-03-31,556022,78690,15989,94679
2024-04-30,556022,82498,14666,97164
2024-05-31,556022,90531,16316,106847
2023-05-31,556020,3,1,4
2023-06-30,556020,58937,6978,65915
2023-07-31,556020,54737,5614,60351
2023-08-31,556020,46160,5358,51518
2023-09-30,556020,51058,5144,56202
2023-10-31,556020,51201,5324,56525
2023-11-30,556020,59952,5745,65697
2023-12-31,556020,61594,7752,69346
2024-01-31,556020,57452,6823,64275
2024-02-29,556020,55659,6918,62577
2024-03-31,556020,51347,7395,58742
2024-04-30,556020,57315,6467,63782
2024-05-31,556020,61334,6939,68273
2023-05-31,556018,143,55,198
2023-06-30,556018,52755,13701,66456
2023-07-31,556018,56713,13456,70169
2023-08-31,556018,59835,14877,74712
2023-09-30,556018,56022,12821,68843
2023-10-31,556018,62626,14731,77357
2023-11-30,556018,65185,15020,80205
2023-12-31,556018,69579,16439,86018
2024-01-31,556018,62725,14923,77648
2024-02-29,556018,64189,16040,80229
2024-03-31,556018,61315,16473,77788
2024-04-30,556018,64936,15000,79936
2024-05-31,556018,68028,15007,83035
2023-05-31,556019,16,13,29
2023-06-30,556019,30299,14308,44607
2023-07-31,556019,31126,12605,43731
2023-08-31,556019,32718,14607,47325
2023-09-30,556019,31676,12964,44640
2023-10-31,556019,35885,15441,51326
2023-11-30,556019,37691,15002,52693
2023-12-31,556019,41143,16030,57173
2024-01-31,556019,38681,16126,54807
2024-02-29,556019,39683,16986,56669
2024-03-31,556019,37950,18263,56213
2024-04-30,556019,39895,16458,56353
2024-05-31,556019,46905,17260,64165
2023-06-30,556021,17095,13898,30993
2023-07-31,556021,12558,9971,22529
2023-08-31,556021,15220,12929,28149
2023-09-30,556021,14572,11233,25805
2023-10-31,556021,16762,11890,28652
2023-11-30,556021,17515,11327,28842
2023-12-31,556021,19524,17902,37426
2024-01-31,556021,17333,15916,33249
2024-02-29,556021,18518,13904,32422
2024-03-31,556021,18116,13819,31935
2024-04-30,556021,20766,12623,33389
2024-05-31,556021,22451,14050,36501
2023-05-31,556034,30,8,38
2023-06-30,556034,45845,4441,50286
2023-07-31,556034,44458,3683,48141
2023-08-31,556034,47545,5152,52697
2023-09-30,556034,43855,4321,48176
2023-10-31,556034,50410,4477,54887
2023-11-30,556034,48628,5788,54416
2023-12-31,556034,51931,5721,57652
2024-01-31,556034,51796,5622,57418
2024-02-29,556034,50533,4907,55440
2024-03-31,556034,50376,5201,55577
2024-04-30,556034,55037,4155,59192
2024-05-31,556034,52083,4568,56651
2023-06-30,556042,17791,2302,20093
2023-07-31,556042,48763,5609,54372
2023-08-31,556042,51829,6487,58316
2023-09-30,556042,50079,5253,55332
2023-10-31,556042,58658,6684,65342
2023-11-30,556042,61765,8690,70455
2023-12-31,556042,67999,9983,77982
2024-01-31,556042,57594,9728,67322
2024-02-29,556042,60956,8471,69427
2024-03-31,556042,60979,8561,69540
2024-04-30,556042,68647,7170,75817
2024-05-31,556042,70391,7231,77622
2023-05-31,556035,202,7,209
2023-06-30,556035,12684,850,13534
2023-07-31,556035,10696,759,11455
2023-08-31,556035,11982,946,12928
2023-09-30,556035,10735,810,11545
2023-10-31,556035,16567,982,17549
2023-11-30,556035,13853,1389,15242
2023-12-31,556035,13559,1688,15247
2024-01-31,556035,16150,1765,17915
2024-02-29,556035,14525,1388,15913
2024-03-31,556035,15067,2001,17068
2024-04-30,556035,18306,1034,19340
2024-05-31,556035,15939,946,16885
2023-05-31,556041,31,8,39
2023-06-30,556041,99121,14705,113826
2023-07-31,556041,97736,14442,112178
2023-08-31,556041,101067,14477,115544
2023-09-30,556041,77646,9989,87635
2023-10-31,556041,99141,13250,112391
2023-11-30,556041,96579,13116,109695
2023-12-31,556041,91847,14377,106224
2024-01-31,556041,134549,15569,150118
2024-02-29,556041,152260,17517,169777
2024-03-31,556041,160912,20792,181704
2024-04-30,556041,171497,18442,189939
2024-05-31,556041,203644,20385,224029
2023-05-31,556033,14,2,16
2023-06-30,556033,26907,3473,30380
2023-07-31,556033,22668,2260,24928
2023-08-31,556033,25679,2481,28160
2023-09-30,556033,24787,2323,27110
2023-10-31,556033,26241,3049,29290
2023-11-30,556033,27173,4134,31307
2023-12-31,556033,31736,8070,39806
2024-01-31,556033,28764,6321,35085
2024-02-29,556033,30590,5991,36581
2024-03-31,556033,26280,4581,30861
2024-04-30,556033,26799,3052,29851
2024-05-31,556033,25714,3234,28948
2023-05-31,556032,3,0,3
2023-06-30,556032,6995,574,7569
2023-07-31,556032,6024,371,6395
2023-08-31,556032,10302,803,11105
2023-09-30,556032,11126,885,12011
2023-10-31,556032,12829,957,13786
2023-11-30,556032,12322,1161,13483
2023-12-31,556032,15029,3349,18378
2024-01-31,556032,19526,3484,23010
2024-02-29,556032,22311,3649,25960
2024-03-31,556032,20267,3112,23379
2024-04-30,556032,20476,2681,23157
2024-05-31,556032,20948,2542,23490
2023-05-31,545036,18,9,27
2023-06-30,545036,8923,1630,10553
2023-07-31,545036,10077,1488,11565
2023-08-31,545036,20660,3080,23740
2023-09-30,545036,21556,3099,24655
2023-10-31,545036,24581,4026,28607
2023-11-30,545036,25739,3477,29216
2023-12-31,545036,28923,4299,33222
2024-01-31,545036,27065,3824,30889
2024-02-29,545036,29010,3444,32454
2024-03-31,545036,23362,3019,26381
2024-04-30,545036,23466,3057,26523
2024-05-31,545036,24877,3530,28407
2023-05-31,545035,18,16,34
2023-06-30,545035,16407,4713,21120
2023-07-31,545035,13712,4749,18461
2023-08-31,545035,16573,5035,21608
2023-09-30,545035,14135,4004,18139
2023-10-31,545035,13783,5003,18786
2023-11-30,545035,15115,3983,19098
2023-12-31,545035,17496,5093,22589
2024-01-31,545035,16102,4200,20302
2024-02-29,545035,17061,4379,21440
2024-03-31,545035,13901,4166,18067
2024-04-30,545035,14125,4424,18549
2024-05-31,545035,15320,4791,20111
2023-05-31,545038,59,23,82
2023-06-30,545038,34946,36851,71797
2023-07-31,545038,25942,33253,59195
2023-08-31,545038,25160,27519,52679
2023-09-30,545038,24442,23013,47455
2023-10-31,545038,27668,26661,54329
2023-11-30,545038,23310,26957,50267
2023-12-31,545038,26368,33753,60121
2024-01-31,545038,23329,32947,56276
2024-02-29,545038,25888,39464,65352
2024-03-31,545038,26252,41479,67731
2024-04-30,545038,24900,36766,61666
2024-05-31,545038,22592,43434,66026
2023-05-31,545034,1,0,1
2023-06-30,545034,9528,2915,12443
2023-07-31,545034,8377,2159,10536
2023-08-31,545034,9717,2115,11832
2023-09-30,545034,7580,1668,9248
2023-10-31,545034,8291,2657,10948
2023-11-30,545034,9888,2187,12075
2023-12-31,545034,10515,2121,12636
2024-01-31,545034,10239,2253,12492
2024-02-29,545034,11259,2574,13833
2024-03-31,545034,10927,3281,14208
2024-04-30,545034,10548,2825,13373
2024-05-31,545034,10887,2652,13539
2023-05-31,545039,133,9,142
2023-06-30,545039,247186,24922,272108
2023-07-31,545039,170541,22101,192642
2023-08-31,545039,176205,27141,203346
2023-09-30,545039,175578,25773,201351
2023-10-31,545039,196106,31248,227354
2023-11-30,545039,198384,24076,222460
2023-12-31,545039,273532,28754,302286
2024-01-31,545039,257316,28297,285613
2024-02-29,545039,289510,33806,323316
2024-03-31,545039,276898,39072,315970
2024-04-30,545039,271842,34662,306504
2024-05-31,545039,295588,35631,331219
2023-05-31,545037,263,341,604
2023-06-30,545037,30594,14191,44785
2023-07-31,545037,27484,11864,39348
2023-08-31,545037,28842,12833,41675
2023-09-30,545037,25975,9895,35870
2023-10-31,545037,28980,13625,42605
2023-11-30,545037,26295,11693,37988
2023-12-31,545037,31428,15000,46428
2024-01-31,545037,25217,11796,37013
2024-02-29,545037,34246,16087,50333
2024-03-31,545037,20694,10302,30996
2024-04-30,545037,35884,17443,53327
2024-05-31,545037,17250,9771,27021
2023-05-31,550004,34,3,37
2023-06-30,550004,98975,13897,112872
2023-07-31,550004,97102,12175,109277
2023-08-31,550004,103670,14381,118051
2023-09-30,550004,93006,12205,105211
2023-10-31,550004,90301,13795,104096
2023-11-30,550004,81902,11645,93547
2023-12-31,550004,89659,13885,103544
2024-01-31,550004,80044,13464,93508
2024-02-29,550004,85542,14325,99867
2024-03-31,550004,86967,15440,102407
2024-04-30,550004,88892,12939,101831
2024-05-31,550004,87626,12985,100611
2023-05-31,545110,8,3,11
2023-06-30,545110,19993,14269,34262
2023-07-31,545110,17849,16025,33874
2023-08-31,545110,16706,14403,31109
2023-09-30,545110,15390,13262,28652
2023-10-31,545110,23935,14328,38263
2023-11-30,545110,22478,12985,35463
2023-12-31,545110,23206,16200,39406
2024-01-31,545110,18914,17376,36290
2024-02-29,545110,17526,17462,34988
2024-03-31,545110,19644,20309,39953
2024-04-30,545110,19597,18982,38579
2024-05-31,545110,23022,21633,44655
2023-05-31,550002,42,4,46
2023-06-30,550002,94391,17967,112358
2023-07-31,550002,87128,14203,101331
2023-08-31,550002,104551,20526,125077
2023-09-30,550002,93976,16330,110306
2023-10-31,550002,98962,21015,119977
2023-11-30,550002,104849,20964,125813
2023-12-31,550002,117336,20879,138215
2024-01-31,550002,104658,19594,124252
2024-02-29,550002,117415,21715,139130
2024-03-31,550002,120588,24851,145439
2024-04-30,550002,118008,22712,140720
2024-05-31,550002,114537,19240,133777
2023-05-31,550003,120,57,177
2023-06-30,550003,309758,127973,437731
2023-07-31,550003,303802,124268,428070
2023-08-31,550003,322728,135460,458188
2023-09-30,550003,291720,114959,406679
2023-10-31,550003,316068,130998,447066
2023-11-30,550003,313499,123531,437030
2023-12-31,550003,353058,134506,487564
2024-01-31,550003,325278,127847,453125
2024-02-29,550003,338464,135308,473772
2024-03-31,550003,340408,148670,489078
2024-04-30,550003,341273,133559,474832
2024-05-31,550003,357797,134029,491826
2023-05-31,545111,2,0,2
2023-06-30,545111,35080,7116,42196
2023-07-31,545111,29431,7633,37064
2023-08-31,545111,29363,7557,36920
2023-09-30,545111,27221,7214,34435
2023-10-31,545111,31793,8566,40359
2023-11-30,545111,30188,8833,39021
2023-12-31,545111,35113,9642,44755
2024-01-31,545111,33710,9797,43507
2024-02-29,545111,34250,9259,43509
2024-03-31,545111,34021,9334,43355
2024-04-30,545111,35222,10619,45841
2024-05-31,545111,35145,9237,44382
2023-05-31,550001,111,7,118
2023-06-30,550001,237654,14241,251895
2023-07-31,550001,230445,13274,243719
2023-08-31,550001,247497,16886,264383
2023-09-30,550001,212275,16120,228395
2023-10-31,550001,224906,19697,244603
2023-11-30,550001,225752,16271,242023
2023-12-31,550001,248974,17789,266763
2024-01-31,550001,222459,14522,236981
2024-02-29,550001,234207,16170,250377
2024-03-31,550001,234936,16840,251776
2024-04-30,550001,228659,13514,242173
2024-05-31,550001,232469,13836,246305
2023-05-31,2010,424,232,656
2023-06-30,2010,158274,50592,208866
2023-07-31,2010,146066,51625,197691
2023-08-31,2010,163427,54892,218319
2023-09-30,2010,144556,50586,195142
2023-10-31,2010,167064,57504,224568
2023-11-30,2010,208529,47409,255938
2023-12-31,2010,208307,57868,266175
2024-01-31,2010,188711,56052,244763
2024-02-29,2010,190140,60958,251098
2024-03-31,2010,179381,61665,241046
2024-04-30,2010,176553,57346,233899
2024-05-31,2010,203545,58591,262136
2023-05-31,2007,196,45,241
2023-06-30,2007,74756,19578,94334
2023-07-31,2007,74946,21540,96486
2023-08-31,2007,84202,27048,111250
2023-09-30,2007,69866,26791,96657
2023-10-31,2007,78542,31372,109914
2023-11-30,2007,89864,23495,113359
2023-12-31,2007,99639,30980,130619
2024-01-31,2007,96457,26797,123254
2024-02-29,2007,93038,16379,109417
2024-03-31,2007,85106,16566,101672
2024-04-30,2007,78785,10949,89734
2024-05-31,2007,89813,13143,102956
2023-05-31,2005,969,89,1058
2023-06-30,2005,226327,10687,237014
2023-07-31,2005,213169,9202,222371
2023-08-31,2005,235320,9271,244591
2023-09-30,2005,203107,8347,211454
2023-10-31,2005,234686,9972,244658
2023-11-30,2005,273997,8399,282396
2023-12-31,2005,303175,10379,313554
2024-01-31,2005,273639,9561,283200
2024-02-29,2005,261268,9648,270916
2024-03-31,2005,244871,10656,255527
2024-04-30,2005,232775,11960,244735
2024-05-31,2005,264820,12783,277603
2023-05-31,2006,135,157,292
2023-06-30,2006,44012,32181,76193
2023-07-31,2006,43655,33935,77590
2023-08-31,2006,48696,33962,82658
2023-09-30,2006,43282,31193,74475
2023-10-31,2006,46665,35390,82055
2023-11-30,2006,49866,30344,80210
2023-12-31,2006,54418,37089,91507
2024-01-31,2006,50685,35747,86432
2024-02-29,2006,51075,36895,87970
2024-03-31,2006,52031,38646,90677
2024-04-30,2006,49582,36202,85784
2024-05-31,2006,55852,38245,94097
2023-05-31,2011,5,10,15
2023-06-30,2011,269362,140414,409776
2023-07-31,2011,270952,144586,415538
2023-08-31,2011,286835,149333,436168
2023-09-30,2011,246953,132712,379665
2023-10-31,2011,280563,153625,434188
2023-11-30,2011,293270,130665,423935
2023-12-31,2011,327288,155844,483132
2024-01-31,2011,325918,149203,475121
2024-02-29,2011,320402,154863,475265
2024-03-31,2011,298383,161979,460362
2024-04-30,2011,287370,149960,437330
2024-05-31,2011,314864,160312,475176
2023-05-31,2008,252,115,367
2023-06-30,2008,114347,50579,164926
2023-07-31,2008,114368,47691,162059
2023-08-31,2008,125196,46316,171512
2023-09-30,2008,104923,38928,143851
2023-10-31,2008,121949,44838,166787
2023-11-30,2008,137052,39790,176842
2023-12-31,2008,149118,48133,197251
2024-01-31,2008,138769,45367,184136
2024-02-29,2008,133700,56315,190015
2024-03-31,2008,121779,58165,179944
2024-04-30,2008,117327,55532,172859
2024-05-31,2008,128891,61260,190151
2023-05-31,2009,1326,572,1898
2023-06-30,2009,405344,153303,558647
2023-07-31,2009,383216,152475,535691
2023-08-31,2009,428644,159358,588002
2023-09-30,2009,370172,143963,514135
2023-10-31,2009,422746,168180,590926
2023-11-30,2009,522971,144861,667832
2023-12-31,2009,525712,179076,704788
2024-01-31,2009,472160,168258,640418
2024-02-29,2009,464487,174189,638676
2024-03-31,2009,444511,181741,626252
2024-04-30,2009,442975,169866,612841
2024-05-31,2009,482505,177643,660148
2023-05-31,550017,95,10,105
2023-06-30,550017,195659,18353,214012
2023-07-31,550017,205218,18156,223374
2023-08-31,550017,216775,20935,237710
2023-09-30,550017,188020,17647,205667
2023-10-31,550017,199987,20677,220664
2023-11-30,550017,200115,19013,219128
2023-12-31,550017,220208,20691,240899
2024-01-31,550017,205158,18766,223924
2024-02-29,550017,213585,19738,233323
2024-03-31,550017,207374,21043,228417
2024-04-30,550017,207799,18095,225894
2024-05-31,550017,215232,18184,233416
2023-05-31,550016,235,32,267
2023-06-30,550016,566713,94722,661435
2023-07-31,550016,566426,94604,661030
2023-08-31,550016,607074,99791,706865
2023-09-30,550016,528959,90151,619110
2023-10-31,550016,589289,101565,690854
2023-11-30,550016,577930,91941,669871
2023-12-31,550016,648050,99584,747634
2024-01-31,550016,595352,88284,683636
2024-02-29,550016,594488,95960,690448
2024-03-31,550016,613331,102339,715670
2024-04-30,550016,602461,93442,695903
2024-05-31,550016,621488,99020,720508
2023-05-31,550015,40,6,46
2023-06-30,550015,91163,19993,111156
2023-07-31,550015,87990,20341,108331
2023-08-31,550015,96041,23127,119168
2023-09-30,550015,93093,21719,114812
2023-10-31,550015,104232,23780,128012
2023-11-30,550015,101170,23438,124608
2023-12-31,550015,114218,25866,140084
2024-01-31,550015,104773,25028,129801
2024-02-29,550015,100580,25014,125594
2024-03-31,550015,104399,26341,130740
2024-04-30,550015,105840,24904,130744
2024-05-31,550015,109111,26617,135728
2023-05-31,550014,58,4,62
2023-06-30,550014,173710,21928,195638
2023-07-31,550014,175083,19839,194922
2023-08-31,550014,194433,21299,215732
2023-09-30,550014,164763,19534,184297
2023-10-31,550014,170045,23512,193557
2023-11-30,550014,170876,22057,192933
2023-12-31,550014,198409,23633,222042
2024-01-31,550014,175192,22178,197370
2024-02-29,550014,173710,23504,197214
2024-03-31,550014,180843,25376,206219
2024-04-30,550014,175627,23003,198630
2024-05-31,550014,185717,24471,210188
2023-05-31,550018,176,16,192
2023-06-30,550018,385417,21949,407366
2023-07-31,550018,416394,19803,436197
2023-08-31,550018,410385,20557,430942
2023-09-30,550018,319155,15000,334155
2023-10-31,550018,338982,16800,355782
2023-11-30,550018,336084,15715,351799
2023-12-31,550018,377234,16663,393897
2024-01-31,550018,337442,15836,353278
2024-02-29,550018,346251,17105,363356
2024-03-31,550018,348446,18225,366671
2024-04-30,550018,337814,17885,355699
2024-05-31,550018,345911,20091,366002
2023-05-31,550019,333,9,342
2023-06-30,550019,827957,18039,845996
2023-07-31,550019,814963,14641,829604
2023-08-31,550019,869942,16872,886814
2023-09-30,550019,752302,14090,766392
2023-10-31,550019,830330,15685,846015
2023-11-30,550019,792950,14812,807762
2023-12-31,550019,875251,15650,890901
2024-01-31,550019,815063,15644,830707
2024-02-29,550019,811054,18252,829306
2024-03-31,550019,816781,20775,837556
2024-04-30,550019,788211,19634,807845
2024-05-31,550019,813815,20183,833998
2023-05-31,545049,0,1,1
2023-06-30,545049,10051,7837,17888
2023-07-31,545049,7681,3144,10825
2023-08-31,545049,5857,3223,9080
2023-09-30,545049,6789,3442,10231
2023-10-31,545049,8260,3803,12063
2023-11-30,545049,8984,5156,14140
2023-12-31,545049,8370,6056,14426
2024-01-31,545049,8900,5607,14507
2024-02-29,545049,9251,5653,14904
2024-03-31,545049,7917,6648,14565
2024-04-30,545049,8840,6446,15286
2024-05-31,545049,7538,8571,16109
2023-05-31,545050,1,0,1
2023-06-30,545050,11758,10158,21916
2023-07-31,545050,8881,3498,12379
2023-08-31,545050,9722,3849,13571
2023-09-30,545050,8789,4483,13272
2023-10-31,545050,10397,8903,19300
2023-11-30,545050,9670,10468,20138
2023-12-31,545050,10313,8683,18996
2024-01-31,545050,11658,7408,19066
2024-02-29,545050,12997,6325,19322
2024-03-31,545050,12819,8463,21282
2024-04-30,545050,14297,6713,21010
2024-05-31,545050,12165,7825,19990
2023-06-30,545051,56349,17808,74157
2023-07-31,545051,54664,16997,71661
2023-08-31,545051,59649,17861,77510
2023-09-30,545051,47877,15761,63638
2023-10-31,545051,47462,20935,68397
2023-11-30,545051,52500,18926,71426
2023-12-31,545051,62610,20879,83489
2024-01-31,545051,57089,20797,77886
2024-02-29,545051,55683,22001,77684
2024-03-31,545051,55189,22870,78059
2024-04-30,545051,53575,22512,76087
2024-05-31,545051,55690,23203,78893
2023-06-30,545068,10101,2192,12293
2023-07-31,545068,7191,1677,8868
2023-08-31,545068,7777,1743,9520
2023-09-30,545068,7035,1885,8920
2023-10-31,545068,7736,2411,10147
2023-11-30,545068,9311,2345,11656
2023-12-31,545068,9735,2950,12685
2024-01-31,545068,8829,3262,12091
2024-02-29,545068,10293,2830,13123
2024-03-31,545068,10892,2133,13025
2024-04-30,545068,11854,1929,13783
2024-05-31,545068,12807,2651,15458
2023-05-31,545052,0,1,1
2023-06-30,545052,41332,16300,57632
2023-07-31,545052,43266,15467,58733
2023-08-31,545052,46646,16319,62965
2023-09-30,545052,36701,14674,51375
2023-10-31,545052,34238,19031,53269
2023-11-30,545052,39307,17800,57107
2023-12-31,545052,47391,20209,67600
2024-01-31,545052,42231,20187,62418
2024-02-29,545052,41652,21196,62848
2024-03-31,545052,41866,21922,63788
2024-04-30,545052,39266,20311,59577
2024-05-31,545052,44226,21694,65920
2023-05-31,545054,0,5,5
2023-06-30,545054,1306,29534,30840
2023-07-31,545054,1100,25811,26911
2023-08-31,545054,1071,26532,27603
2023-09-30,545054,973,18980,19953
2023-10-31,545054,1492,25824,27316
2023-11-30,545054,1213,21252,22465
2023-12-31,545054,1410,29331,30741
2024-01-31,545054,1218,26424,27642
2024-02-29,545054,1300,31988,33288
2024-03-31,545054,1419,32846,34265
2024-04-30,545054,1730,29802,31532
2024-05-31,545054,1389,31308,32697
2023-05-31,556004,1340,327,1667
2023-06-30,556004,17253,3810,21063
2023-07-31,556004,24049,4471,28520
2023-08-31,556004,26910,5650,32560
2023-09-30,556004,24228,5187,29415
2023-10-31,556004,30932,6387,37319
2023-11-30,556004,32294,7331,39625
2023-12-31,556004,33245,7386,40631
2024-01-31,556004,29755,6646,36401
2024-02-29,556004,25358,6955,32313
2024-03-31,556004,29550,7800,37350
2024-04-30,556004,29034,5586,34620
2024-05-31,556004,30927,5209,36136
2023-05-31,556001,127,4,131
2023-06-30,556001,374034,29193,403227
2023-07-31,556001,388352,29815,418167
2023-08-31,556001,395106,31391,426497
2023-09-30,556001,358317,25556,383873
2023-10-31,556001,390214,27025,417239
2023-11-30,556001,396572,26275,422847
2023-12-31,556001,421633,29786,451419
2024-01-31,556001,396720,27290,424010
2024-02-29,556001,405715,27303,433018
2024-03-31,556001,401916,27920,429836
2024-04-30,556001,380658,23564,404222
2024-05-31,556001,426479,25308,451787
2023-05-31,556006,19,1,20
2023-06-30,556006,18420,1920,20340
2023-07-31,556006,17539,1552,19091
2023-08-31,556006,18074,1794,19868
2023-09-30,556006,17921,1553,19474
2023-10-31,556006,18294,1571,19865
2023-11-30,556006,20771,1618,22389
2023-12-31,556006,21529,2009,23538
2024-01-31,556006,19450,1973,21423
2024-02-29,556006,19753,2084,21837
2024-03-31,556006,19915,1917,21832
2024-04-30,556006,21004,1862,22866
2024-05-31,556006,22149,2422,24571
2023-05-31,556003,8,9,17
2023-06-30,556003,39986,6948,46934
2023-07-31,556003,42208,5932,48140
2023-08-31,556003,46062,7414,53476
2023-09-30,556003,43214,6924,50138
2023-10-31,556003,51888,7608,59496
2023-11-30,556003,51196,7900,59096
2023-12-31,556003,54444,8414,62858
2024-01-31,556003,50734,7977,58711
2024-02-29,556003,53239,9584,62823
2024-03-31,556003,53028,9598,62626
2024-04-30,556003,55245,7031,62276
2024-05-31,556003,62283,7445,69728
2023-05-31,556005,1,2,3
2023-06-30,556005,14088,3084,17172
2023-07-31,556005,15905,2796,18701
2023-08-31,556005,17084,3977,21061
2023-09-30,556005,15805,3530,19335
2023-10-31,556005,19895,4064,23959
2023-11-30,556005,21611,4669,26280
2023-12-31,556005,23842,5016,28858
2024-01-31,556005,22279,4980,27259
2024-02-29,556005,21681,4991,26672
2024-03-31,556005,20818,4925,25743
2024-04-30,556005,20030,3993,24023
2024-05-31,556005,22719,3796,26515
2023-05-31,556002,21,5,26
2023-06-30,556002,120545,25364,145909
2023-07-31,556002,121208,24950,146158
2023-08-31,556002,126205,25842,152047
2023-09-30,556002,120528,22113,142641
2023-10-31,556002,129871,25370,155241
2023-11-30,556002,128949,23430,152379
2023-12-31,556002,141146,25798,166944
2024-01-31,556002,132209,24082,156291
2024-02-29,556002,134090,25567,159657
2024-03-31,556002,132549,26397,158946
2024-04-30,556002,132662,22378,155040
2024-05-31,556002,144351,24417,168768
2023-05-31,6001,162,90,252
2023-06-30,6001,442169,245016,687185
2023-07-31,6001,420435,254654,675089
2023-08-31,6001,428790,270814,699604
2023-09-30,6001,399006,236633,635639
2023-10-31,6001,420581,294082,714663
2023-11-30,6001,464670,235622,700292
2023-12-31,6001,490111,282132,772243
2024-01-31,6001,463216,262783,725999
2024-02-29,6001,467851,279637,747488
2024-03-31,6001,443766,284668,728434
2024-04-30,6001,426456,250358,676814
2024-05-31,6001,451209,267946,719155
2023-05-31,35001,516,7,523
2023-06-30,35001,1381764,15676,1397440
2023-07-31,35001,1431367,15858,1447225
2023-08-31,35001,1447582,16546,1464128
2023-09-30,35001,1233048,14874,1247922
2023-10-31,35001,1406232,15929,1422161
2023-11-30,35001,1406550,14739,1421289
2023-12-31,35001,1452301,15689,1467990
2024-01-31,35001,1439042,14746,1453788
2024-02-29,35001,1419266,15537,1434803
2024-03-31,35001,1457929,16695,1474624
2024-04-30,35001,1413254,15349,1428603
2024-05-31,35001,1562512,16609,1579121
2023-06-30,570037,38810,8228,47038
2023-07-31,570037,35260,7403,42663
2023-08-31,570037,60176,9395,69571
2023-09-30,570037,95856,8757,104613
2023-10-31,570037,38505,9243,47748
2023-11-30,570037,40564,7864,48428
2023-12-31,570037,39756,9617,49373
2024-01-31,570037,33427,9332,42759
2024-02-29,570037,35681,11210,46891
2024-03-31,570037,42257,11069,53326
2024-04-30,570037,36115,9913,46028
2024-05-31,570037,34435,8941,43376
2023-05-31,25001,6,0,6
2023-06-30,25001,162483,70984,233467
2023-07-31,25001,146218,67262,213480
2023-08-31,25001,153780,68164,221944
2023-09-30,25001,128101,61402,189503
2023-10-31,25001,142789,72749,215538
2023-11-30,25001,170921,64941,235862
2023-12-31,25001,182595,73462,256057
2024-01-31,25001,157600,71756,229356
2024-02-29,25001,163462,77655,241117
2024-03-31,25001,159553,83208,242761
2024-04-30,25001,163865,76792,240657
2024-05-31,25001,180315,81525,261840
2023-05-31,570036,2,0,2
2023-06-30,570036,30258,6861,37119
2023-07-31,570036,25861,6029,31890
2023-08-31,570036,27608,6845,34453
2023-09-30,570036,26887,6374,33261
2023-10-31,570036,28378,7731,36109
2023-11-30,570036,32658,6308,38966
2023-12-31,570036,31625,7663,39288
2024-01-31,570036,28729,7060,35789
2024-02-29,570036,37544,9104,46648
2024-03-31,570036,29112,6650,35762
2024-04-30,570036,26650,5903,32553
2024-05-31,570036,24904,5900,30804
2023-05-31,570022,0,1,1
2023-06-30,570022,40300,17363,57663
2023-07-31,570022,37986,15558,53544
2023-08-31,570022,36895,15402,52297
2023-09-30,570022,32940,12050,44990
2023-10-31,570022,36573,16962,53535
2023-11-30,570022,34303,12982,47285
2023-12-31,570022,39490,15495,54985
2024-01-31,570022,37887,15104,52991
2024-02-29,570022,43206,18631,61837
2024-03-31,570022,47526,27027,74553
2024-04-30,570022,60592,23949,84541
2024-05-31,570022,57299,22524,79823
2023-05-31,15003,17,9,26
2023-06-30,15003,378795,87318,466113
2023-07-31,15003,316557,83426,399983
2023-08-31,15003,368784,89224,458008
2023-09-30,15003,319966,75018,394984
2023-10-31,15003,382911,82467,465378
2023-11-30,15003,340455,79800,420255
2023-12-31,15003,394473,82837,477310
2024-01-31,15003,448766,79249,528015
2024-02-29,15003,354343,87809,442152
2024-03-31,15003,377735,94917,472652
2024-04-30,15003,369890,90474,460364
2024-05-31,15003,423004,82917,505921
2023-05-31,26001,0,3,3
2023-06-30,26001,194802,93431,288233
2023-07-31,26001,179026,94199,273225
2023-08-31,26001,173289,95861,269150
2023-09-30,26001,163941,85747,249688
2023-10-31,26001,185266,104062,289328
2023-11-30,26001,227157,89897,317054
2023-12-31,26001,231281,107893,339174
2024-01-31,26001,197479,98859,296338
2024-02-29,26001,209606,106281,315887
2024-03-31,26001,220191,110784,330975
2024-04-30,26001,213825,101799,315624
2024-05-31,26001,186824,107726,294550
2023-05-31,63001,13,5,18
2023-06-30,63001,226769,108939,335708
2023-07-31,63001,216236,106089,322325
2023-08-31,63001,227774,106192,333966
2023-09-30,63001,211429,96297,307726
2023-10-31,63001,224031,120963,344994
2023-11-30,63001,268886,104749,373635
2023-12-31,63001,264021,125639,389660
2024-01-31,63001,241845,119037,360882
2024-02-29,63001,230646,131481,362127
2024-03-31,63001,255541,133615,389156
2024-04-30,63001,247713,123907,371620
2024-05-31,63001,263985,130847,394832
2023-05-31,63101,1,1,2
2023-06-30,63101,89308,129543,218851
2023-07-31,63101,74694,132409,207103
2023-08-31,63101,73987,129628,203615
2023-09-30,63101,66662,125782,192444
2023-10-31,63101,80933,143419,224352
2023-11-30,63101,73227,133448,206675
2023-12-31,63101,88094,134787,222881
2024-01-31,63101,83447,126681,210128
2024-02-29,63101,79861,138309,218170
2024-03-31,63101,85782,155601,241383
2024-04-30,63101,82005,145206,227211
2024-05-31,63101,89652,151997,241649
2023-05-31,61001,236,29,265
2023-06-30,61001,753351,181517,934868
2023-07-31,61001,629644,180555,810199
2023-08-31,61001,675810,187631,863441
2023-09-30,61001,649376,171538,820914
2023-10-31,61001,689748,201121,890869
2023-11-30,61001,855338,171855,1027193
2023-12-31,61001,855643,193106,1048749
2024-01-31,61001,750653,178156,928809
2024-02-29,61001,700482,184890,885372
2024-03-31,61001,746244,195730,941974
2024-04-30,61001,786235,170217,956452
2024-05-31,61001,920675,174735,1095410
2023-05-31,69001,14,4,18
2023-06-30,69001,318792,228591,547383
2023-07-31,69001,279777,227080,506857
2023-08-31,69001,296598,229791,526389
2023-09-30,69001,268408,216672,485080
2023-10-31,69001,326157,247143,573300
2023-11-30,69001,293344,233138,526482
2023-12-31,69001,340493,246463,586956
2024-01-31,69001,346298,229804,576102
2024-02-29,69001,302175,243024,545199
2024-03-31,69001,325108,256744,581852
2024-04-30,69001,312881,236160,549041
2024-05-31,69001,329897,243441,573338
2023-05-31,62002,3,3,6
2023-06-30,62002,481422,282230,763652
2023-07-31,62002,423201,282125,705326
2023-08-31,62002,439031,281214,720245
2023-09-30,62002,394340,276032,670372
2023-10-31,62002,427932,333684,761616
2023-11-30,62002,503887,301030,804917
2023-12-31,62002,511425,317114,828539
2024-01-31,62002,429700,286351,716051
2024-02-29,62002,465747,311132,776879
2024-03-31,62002,517953,327299,845252
2024-04-30,62002,466385,302317,768702
2024-05-31,62002,454578,317690,772268
2023-05-31,61002,913,97,1010
2023-06-30,61002,1062708,198942,1261650
2023-07-31,61002,912739,200071,1112810
2023-08-31,61002,950578,207789,1158367
2023-09-30,61002,879362,189467,1068829
2023-10-31,61002,939573,216012,1155585
2023-11-30,61002,1141875,189554,1331429
2023-12-31,61002,1200042,214894,1414936
2024-01-31,61002,1045808,198692,1244500
2024-02-29,61002,981814,206873,1188687
2024-03-31,61002,1039019,218030,1257049
2024-04-30,61002,1055783,191187,1246970
2024-05-31,61002,1279769,197987,1477756
2023-05-31,60001,88,41,129
2023-06-30,60001,920488,313574,1234062
2023-07-31,60001,921456,323551,1245007
2023-08-31,60001,969574,327831,1297405
2023-09-30,60001,836445,292639,1129084
2023-10-31,60001,979245,325135,1304380
2023-11-30,60001,935024,297895,1232919
2023-12-31,60001,1034037,334387,1368424
2024-01-31,60001,1019031,307825,1326856
2024-02-29,60001,893349,326066,1219415
2024-03-31,60001,902241,345608,1247849
2024-04-30,60001,932123,302231,1234354
2024-05-31,60001,1013706,321261,1334967
2023-05-31,32001,32,14,46
2023-06-30,32001,699169,191949,891118
2023-07-31,32001,680391,202298,882689
2023-08-31,32001,730399,206140,936539
2023-09-30,32001,639100,184300,823400
2023-10-31,32001,725728,206966,932694
2023-11-30,32001,705368,189835,895203
2023-12-31,32001,791821,215150,1006971
2024-01-31,32001,759424,191854,951278
2024-02-29,32001,669849,204559,874408
2024-03-31,32001,675110,215566,890676
2024-04-30,32001,701071,190573,891644
2024-05-31,32001,790654,201027,991681
2023-05-31,30002,1,0,1
2023-06-30,30002,272078,52740,324818
2023-07-31,30002,247525,48910,296435
2023-08-31,30002,229832,50408,280240
2023-09-30,30002,225009,46891,271900
2023-10-31,30002,259746,61025,320771
2023-11-30,30002,278928,55404,334332
2023-12-31,30002,269876,56422,326298
2024-01-31,30002,257328,50141,307469
2024-02-29,30002,214832,43373,258205
2024-03-31,30002,288038,60925,348963
2024-04-30,30002,261415,59922,321337
2024-05-31,30002,260766,61984,322750
2023-05-31,31001,6,2,8
2023-06-30,31001,322781,98328,421109
2023-07-31,31001,318360,93862,412222
2023-08-31,31001,320982,89063,410045
2023-09-30,31001,281005,79574,360579
2023-10-31,31001,305523,97334,402857
2023-11-30,31001,332254,81075,413329
2023-12-31,31001,346796,94902,441698
2024-01-31,31001,329854,90889,420743
2024-02-29,31001,347241,86515,433756
2024-03-31,31001,350805,100079,450884
2024-04-30,31001,355781,96032,451813
2024-05-31,31001,362434,97746,460180
2023-05-31,33001,10,10,20
2023-06-30,33001,108694,474898,583592
2023-07-31,33001,113351,376517,489868
2023-08-31,33001,121297,354093,475390
2023-09-30,33001,109871,329731,439602
2023-10-31,33001,148077,385239,533316
2023-11-30,33001,142683,359886,502569
2023-12-31,33001,153150,387203,540353
2024-01-31,33001,129105,365441,494546
2024-02-29,33001,143631,397008,540639
2024-03-31,33001,156826,435332,592158
2024-04-30,33001,161348,415942,577290
2024-05-31,33001,150905,434045,584950
2023-05-31,31002,1,3,4
2023-06-30,31002,165921,90679,256600
2023-07-31,31002,155483,95296,250779
2023-08-31,31002,159683,99032,258715
2023-09-30,31002,144344,91867,236211
2023-10-31,31002,151944,112842,264786
2023-11-30,31002,170577,95931,266508
2023-12-31,31002,183710,115513,299223
2024-01-31,31002,169527,112316,281843
2024-02-29,31002,172444,130298,302742
2024-03-31,31002,168398,126707,295105
2024-04-30,31002,152477,105983,258460
2024-05-31,31002,167370,105995,273365
2023-05-31,33002,8,5,13
2023-06-30,33002,134223,352449,486672
2023-07-31,33002,120006,260663,380669
2023-08-31,33002,123154,255658,378812
2023-09-30,33002,114226,233563,347789
2023-10-31,33002,180243,264097,444340
2023-11-30,33002,154988,251356,406344
2023-12-31,33002,163009,274105,437114
2024-01-31,33002,131344,267603,398947
2024-02-29,33002,149972,291493,441465
2024-03-31,33002,165745,317292,483037
2024-04-30,33002,162086,288657,450743
2024-05-31,33002,140058,310473,450531
2023-05-31,33003,1,1,2
2023-06-30,33003,137231,321697,458928
2023-07-31,33003,119869,229705,349574
2023-08-31,33003,120404,236447,356851
2023-09-30,33003,108445,236013,344458
2023-10-31,33003,169678,264642,434320
2023-11-30,33003,140445,254590,395035
2023-12-31,33003,153273,272841,426114
2024-01-31,33003,128314,263585,391899
2024-02-29,33003,141072,285568,426640
2024-03-31,33003,156247,313347,469594
2024-04-30,33003,153988,289976,443964
2024-05-31,33003,131544,314883,446427
2023-06-30,570047,5591,492,6083
2023-07-31,570047,4850,351,5201
2023-08-31,570047,5030,346,5376
2023-09-30,570047,4978,341,5319
2023-10-31,570047,5284,500,5784
2023-11-30,570047,5899,396,6295
2023-12-31,570047,5302,430,5732
2024-01-31,570047,5675,433,6108
2024-02-29,570047,6071,540,6611
2024-03-31,570047,5977,462,6439
2024-04-30,570047,7092,628,7720
2024-05-31,570047,7068,858,7926
2023-05-31,570044,49,10,59
2023-06-30,570044,86473,20485,106958
2023-07-31,570044,84826,21268,106094
2023-08-31,570044,85687,23050,108737
2023-09-30,570044,87393,21128,108521
2023-10-31,570044,89127,26007,115134
2023-11-30,570044,102401,21704,124105
2023-12-31,570044,123057,26000,149057
2024-01-31,570044,105578,26745,132323
2024-02-29,570044,108761,29076,137837
2024-03-31,570044,119181,32469,151650
2024-04-30,570044,102278,28248,130526
2024-05-31,570044,101092,29649,130741
2023-05-31,570045,8,20,28
2023-06-30,570045,9260,7621,16881
2023-07-31,570045,6614,5220,11834
2023-08-31,570045,7601,5798,13399
2023-09-30,570045,11125,7810,18935
2023-10-31,570045,13362,10085,23447
2023-11-30,570045,20852,7869,28721
2023-12-31,570045,27675,9382,37057
2024-01-31,570045,27176,8863,36039
2024-02-29,570045,19885,9346,29231
2024-03-31,570045,16035,10503,26538
2024-04-30,570045,18820,8559,27379
2024-05-31,570045,14743,8033,22776
2023-05-31,570050,26,22,48
2023-06-30,570050,41729,37317,79046
2023-07-31,570050,37523,40885,78408
2023-08-31,570050,38205,46101,84306
2023-09-30,570050,34910,39041,73951
2023-10-31,570050,40363,48476,88839
2023-11-30,570050,43755,41990,85745
2023-12-31,570050,43834,52652,96486
2024-01-31,570050,44428,52189,96617
2024-02-29,570050,45478,58244,103722
2024-03-31,570050,43456,58769,102225
2024-04-30,570050,42550,57759,100309
2024-05-31,570050,45125,57698,102823
2023-05-31,570051,1,1,2
2023-06-30,570051,35201,6011,41212
2023-07-31,570051,36452,6255,42707
2023-08-31,570051,37146,6125,43271
2023-09-30,570051,31100,5156,36256
2023-10-31,570051,35744,7410,43154
2023-11-30,570051,37453,6090,43543
2023-12-31,570051,36337,7366,43703
2024-01-31,570051,38833,7714,46547
2024-02-29,570051,40432,14515,54947
2024-03-31,570051,36886,11431,48317
2024-04-30,570051,39432,7814,47246
2024-05-31,570051,38481,8284,46765
2023-06-30,570052,68844,20885,89729
2023-07-31,570052,68989,18791,87780
2023-08-31,570052,73498,19979,93477
2023-09-30,570052,60943,18286,79229
2023-10-31,570052,70610,20639,91249
2023-11-30,570052,64630,17964,82594
2023-12-31,570052,69247,19846,89093
2024-01-31,570052,68480,18729,87209
2024-02-29,570052,73965,22114,96079
2024-03-31,570052,66566,23561,90127
2024-04-30,570052,72312,21269,93581
2024-05-31,570052,75440,22310,97750
2023-05-31,570046,14,15,29
2023-06-30,570046,18077,24328,42405
2023-07-31,570046,20023,26012,46035
2023-08-31,570046,20410,28836,49246
2023-09-30,570046,18336,24344,42680
2023-10-31,570046,17266,29421,46687
2023-11-30,570046,25631,25338,50969
2023-12-31,570046,28213,31508,59721
2024-01-31,570046,22976,32742,55718
2024-02-29,570046,23105,37504,60609
2024-03-31,570046,34950,51938,86888
2024-04-30,570046,31700,47967,79667
2024-05-31,570046,32383,47887,80270
2023-06-30,545021,19335,2457,21792
2023-07-31,545021,13976,2370,16346
2023-08-31,545021,14183,2271,16454
2023-09-30,545021,12536,1911,14447
2023-10-31,545021,14718,2569,17287
2023-11-30,545021,14372,2557,16929
2023-12-31,545021,15947,3010,18957
2024-01-31,545021,15212,2643,17855
2024-02-29,545021,17282,3014,20296
2024-03-31,545021,17061,3591,20652
2024-04-30,545021,18491,3056,21547
2024-05-31,545021,15087,2944,18031
2023-05-31,545024,2,0,2
2023-06-30,545024,140377,114075,254452
2023-07-31,545024,142311,112831,255142
2023-08-31,545024,147390,119292,266682
2023-09-30,545024,119222,107390,226612
2023-10-31,545024,108637,122997,231634
2023-11-30,545024,120273,101655,221928
2023-12-31,545024,146808,113423,260231
2024-01-31,545024,133635,112120,245755
2024-02-29,545024,134052,120705,254757
2024-03-31,545024,133237,129557,262794
2024-04-30,545024,130527,114400,244927
2024-05-31,545024,138137,115709,253846
2023-05-31,545019,2,0,2
2023-06-30,545019,30897,3864,34761
2023-07-31,545019,27054,3061,30115
2023-08-31,545019,27583,2705,30288
2023-09-30,545019,24879,2049,26928
2023-10-31,545019,26101,2700,28801
2023-11-30,545019,27438,2751,30189
2023-12-31,545019,29760,3691,33451
2024-01-31,545019,28000,2999,30999
2024-02-29,545019,28372,3638,32010
2024-03-31,545019,29076,4154,33230
2024-04-30,545019,30045,3998,34043
2024-05-31,545019,27964,4747,32711
2023-06-30,545020,18614,2215,20829
2023-07-31,545020,12443,1558,14001
2023-08-31,545020,12873,1530,14403
2023-09-30,545020,11543,1522,13065
2023-10-31,545020,14954,1716,16670
2023-11-30,545020,14263,1575,15838
2023-12-31,545020,16180,1537,17717
2024-01-31,545020,15284,1295,16579
2024-02-29,545020,16982,1457,18439
2024-03-31,545020,16619,1621,18240
2024-04-30,545020,18541,1637,20178
2024-05-31,545020,14924,1624,16548
2023-05-31,545022,752,56,808
2023-06-30,545022,150377,5056,155433
2023-07-31,545022,159784,4739,164523
2023-08-31,545022,157809,5258,163067
2023-09-30,545022,122872,4159,127031
2023-10-31,545022,131909,5303,137212
2023-11-30,545022,141633,4686,146319
2023-12-31,545022,165287,6009,171296
2024-01-31,545022,156612,6133,162745
2024-02-29,545022,157592,6614,164206
2024-03-31,545022,138021,6795,144816
2024-04-30,545022,146230,5198,151428
2024-05-31,545022,139782,5028,144810
2023-05-31,545023,6,3,9
2023-06-30,545023,125191,115714,240905
2023-07-31,545023,127704,114272,241976
2023-08-31,545023,135045,119893,254938
2023-09-30,545023,106809,108621,215430
2023-10-31,545023,98710,124776,223486
2023-11-30,545023,108586,102330,210916
2023-12-31,545023,129142,114450,243592
2024-01-31,545023,118121,111933,230054
2024-02-29,545023,126321,119139,245460
2024-03-31,545023,119430,128865,248295
2024-04-30,545023,116836,113832,230668
2024-05-31,545023,123573,115630,239203
2023-05-31,545096,2,4,6
2023-06-30,545096,51938,56666,108604
2023-07-31,545096,53123,70976,124099
2023-08-31,545096,52352,66664,119016
2023-09-30,545096,43625,58362,101987
2023-10-31,545096,50109,74144,124253
2023-11-30,545096,47104,67006,114110
2023-12-31,545096,52603,69540,122143
2024-01-31,545096,50060,67152,117212
2024-02-29,545096,49487,69416,118903
2024-03-31,545096,50072,75259,125331
2024-04-30,545096,51128,71799,122927
2024-05-31,545096,51063,82697,133760
2023-05-31,545086,18,3,21
2023-06-30,545086,25497,8503,34000
2023-07-31,545086,20008,8212,28220
2023-08-31,545086,19095,8204,27299
2023-09-30,545086,17293,7370,24663
2023-10-31,545086,19519,8359,27878
2023-11-30,545086,19587,6882,26469
2023-12-31,545086,22168,8227,30395
2024-01-31,545086,20060,7553,27613
2024-02-29,545086,22120,8056,30176
2024-03-31,545086,23588,9239,32827
2024-04-30,545086,24154,9205,33359
2024-05-31,545086,21969,8469,30438
2023-06-30,545097,67373,42621,109994
2023-07-31,545097,54845,40352,95197
2023-08-31,545097,59047,39472,98519
2023-09-30,545097,50172,34976,85148
2023-10-31,545097,54283,43771,98054
2023-11-30,545097,62561,39566,102127
2023-12-31,545097,72293,49296,121589
2024-01-31,545097,65156,52785,117941
2024-02-29,545097,66728,54614,121342
2024-03-31,545097,65388,46113,111501
2024-04-30,545097,62431,54605,117036
2024-05-31,545097,64260,61817,126077
2023-05-31,545090,1,0,1
2023-06-30,545090,8149,2312,10461
2023-07-31,545090,5948,2703,8651
2023-08-31,545090,6309,2904,9213
2023-09-30,545090,5122,3525,8647
2023-10-31,545090,6070,3532,9602
2023-11-30,545090,5476,3821,9297
2023-12-31,545090,1433,942,2375
2024-01-31,545090,6285,3162,9447
2024-02-29,545090,7927,4166,12093
2024-03-31,545090,9212,3677,12889
2024-04-30,545090,10044,4414,14458
2024-05-31,545090,8093,5492,13585
2023-06-30,545089,248,2358,2606
2023-07-31,545089,241,2050,2291
2023-08-31,545089,249,2602,2851
2023-09-30,545089,262,1913,2175
2023-10-31,545089,225,1918,2143
2023-11-30,545089,200,1764,1964
2023-12-31,545089,48,371,419
2024-01-31,545089,168,1537,1705
2024-02-29,545089,233,2148,2381
2024-03-31,545089,350,3584,3934
2024-04-30,545089,369,3233,3602
2024-05-31,545089,307,3278,3585
2023-06-30,545095,50349,45452,95801
2023-07-31,545095,52781,55695,108476
2023-08-31,545095,56642,57981,114623
2023-09-30,545095,44718,51240,95958
2023-10-31,545095,48337,68099,116436
2023-11-30,545095,50439,57444,107883
2023-12-31,545095,57008,59630,116638
2024-01-31,545095,52144,58678,110822
2024-02-29,545095,51528,62829,114357
2024-03-31,545095,50205,64095,114300
2024-04-30,545095,54511,70012,124523
2024-05-31,545095,52852,71139,123991
2023-05-31,14001,1,0,1
2023-06-30,14001,1030549,93564,1124113
2023-07-31,14001,867928,97072,965000
2023-08-31,14001,960133,112022,1072155
2023-09-30,14001,872789,103328,976117
2023-10-31,14001,991004,108268,1099272
2023-11-30,14001,1035099,92607,1127706
2023-12-31,14001,1059977,99557,1159534
2024-01-31,14001,965600,93546,1059146
2024-02-29,14001,662742,56791,719533
2024-03-31,14001,1099620,199265,1298885
2024-04-30,14001,1161595,223702,1385297
2024-05-31,14001,1155643,236601,1392244
2023-05-31,15001,2890,911,3801
2023-06-30,15001,881306,208373,1089679
2023-07-31,15001,762577,198431,961008
2023-08-31,15001,876293,220178,1096471
2023-09-30,15001,763550,189455,953005
2023-10-31,15001,888947,216227,1105174
2023-11-30,15001,804552,199049,1003601
2023-12-31,15001,905477,215225,1120702
2024-01-31,15001,951842,205180,1157022
2024-02-29,15001,829075,221956,1051031
2024-03-31,15001,883076,235427,1118503
2024-04-30,15001,881712,209969,1091681
2024-05-31,15001,961667,216388,1178055
2023-05-31,10002,0,2,2
2023-06-30,10002,209929,297119,507048
2023-07-31,10002,204551,297292,501843
2023-08-31,10002,209798,310743,520541
2023-09-30,10002,184693,277288,461981
2023-10-31,10002,199455,326191,525646
2023-11-30,10002,203855,273438,477293
2023-12-31,10002,228530,314587,543117
2024-01-31,10002,214429,295275,509704
2024-02-29,10002,218876,318623,537499
2024-03-31,10002,214304,342571,556875
2024-04-30,10002,220099,307478,527577
2024-05-31,10002,224838,324006,548844
2023-05-31,9003,18,44,62
2023-06-30,9003,252123,337087,589210
2023-07-31,9003,231162,335138,566300
2023-08-31,9003,239283,346809,586092
2023-09-30,9003,224242,314918,539160
2023-10-31,9003,239901,378482,618383
2023-11-30,9003,244452,317630,562082
2023-12-31,9003,247086,357444,604530
2024-01-31,9003,222304,326719,549023
2024-02-29,9003,228399,343708,572107
2024-03-31,9003,234488,360976,595464
2024-04-30,9003,224865,331508,556373
2024-05-31,9003,236542,352538,589080
2023-05-31,9002,36,76,112
2023-06-30,9002,385410,357301,742711
2023-07-31,9002,338527,353622,692149
2023-08-31,9002,361033,369768,730801
2023-09-30,9002,338889,337613,676502
2023-10-31,9002,370513,406567,777080
2023-11-30,9002,383473,341209,724682
2023-12-31,9002,401340,384897,786237
2024-01-31,9002,361354,350110,711464
2024-02-29,9002,357961,367589,725550
2024-03-31,9002,372285,393562,765847
2024-04-30,9002,346152,358702,704854
2024-05-31,9002,366634,381225,747859
2023-06-30,10004,224981,218261,443242
2023-07-31,10004,218827,223842,442669
2023-08-31,10004,222667,233882,456549
2023-09-30,10004,205043,207117,412160
2023-10-31,10004,217883,248266,466149
2023-11-30,10004,240406,211516,451922
2023-12-31,10004,261094,249325,510419
2024-01-31,10004,242373,233162,475535
2024-02-29,10004,236128,250939,487067
2024-03-31,10004,237657,257689,495346
2024-04-30,10004,237665,242262,479927
2024-05-31,10004,252825,257123,509948
2023-05-31,10006,0,2,2
2023-06-30,10006,216691,229428,446119
2023-07-31,10006,195734,236501,432235
2023-08-31,10006,202380,246683,449063
2023-09-30,10006,197990,218322,416312
2023-10-31,10006,203119,260287,463406
2023-11-30,10006,304727,222316,527043
2023-12-31,10006,260843,260871,521714
2024-01-31,10006,245146,241702,486848
2024-02-29,10006,243864,262556,506420
2024-03-31,10006,247267,272110,519377
2024-04-30,10006,248919,259914,508833
2024-05-31,10006,275905,272197,548102
2023-06-30,570018,22385,66507,88892
2023-07-31,570018,19293,60261,79554
2023-08-31,570018,17801,54667,72468
2023-09-30,570018,19024,59658,78682
2023-10-31,570018,17302,75452,92754
2023-11-30,570018,22283,63600,85883
2023-12-31,570018,18912,73884,92796
2024-01-31,570018,18157,55589,73746
2024-02-29,570018,23155,50538,73693
2024-03-31,570018,19065,43602,62667
2024-04-30,570018,22237,37585,59822
2024-05-31,570018,21290,44026,65316
2023-05-31,570019,1,0,1
2023-06-30,570019,21121,66394,87515
2023-07-31,570019,19190,74087,93277
2023-08-31,570019,20084,83801,103885
2023-09-30,570019,18687,69715,88402
2023-10-31,570019,16948,81912,98860
2023-11-30,570019,23601,68962,92563
2023-12-31,570019,19305,80151,99456
2024-01-31,570019,17432,59043,76475
2024-02-29,570019,21322,55676,76998
2024-03-31,570019,18875,48726,67601
2024-04-30,570019,21515,39639,61154
2024-05-31,570019,19774,45333,65107
2023-05-31,570017,0,2,2
2023-06-30,570017,9674,28758,38432
2023-07-31,570017,8241,21849,30090
2023-08-31,570017,8759,14396,23155
2023-09-30,570017,11312,17462,28774
2023-10-31,570017,8703,22099,30802
2023-11-30,570017,10250,17117,27367
2023-12-31,570017,8417,18478,26895
2024-01-31,570017,7593,15046,22639
2024-02-29,570017,10861,12647,23508
2024-03-31,570017,8048,10245,18293
2024-04-30,570017,12041,9128,21169
2024-05-31,570017,11158,9658,20816
2023-05-31,570016,0,1,1
2023-06-30,570016,9525,32384,41909
2023-07-31,570016,7551,25254,32805
2023-08-31,570016,7316,17713,25029
2023-09-30,570016,8903,20201,29104
2023-10-31,570016,7598,26369,33967
2023-11-30,570016,8106,20784,28890
2023-12-31,570016,7850,21509,29359
2024-01-31,570016,7811,18469,26280
2024-02-29,570016,9497,16341,25838
2024-03-31,570016,7924,15013,22937
2024-04-30,570016,10739,15130,25869
2024-05-31,570016,10077,16168,26245
2023-05-31,570015,2,1,3
2023-06-30,570015,57528,22457,79985
2023-07-31,570015,51584,29990,81574
2023-08-31,570015,52141,37460,89601
2023-09-30,570015,51769,31331,83100
2023-10-31,570015,64116,37678,101794
2023-11-30,570015,55742,33771,89513
2023-12-31,570015,57304,40522,97826
2024-01-31,570015,49409,35428,84837
2024-02-29,570015,61184,39510,100694
2024-03-31,570015,55352,26089,81441
2024-04-30,570015,51747,20376,72123
2024-05-31,570015,47949,18616,66565
2023-05-31,570014,16,4,20
2023-06-30,570014,45274,25077,70351
2023-07-31,570014,40375,33566,73941
2023-08-31,570014,41041,43526,84567
2023-09-30,570014,42903,35000,77903
2023-10-31,570014,63939,42529,106468
2023-11-30,570014,44430,38359,82789
2023-12-31,570014,45468,45460,90928
2024-01-31,570014,39695,36679,76374
2024-02-29,570014,47374,35199,82573
2024-03-31,570014,43969,27808,71777
2024-04-30,570014,45544,21287,66831
2024-05-31,570014,37894,19989,57883
2023-05-31,570020,153,136,289
2023-06-30,570020,32870,13512,46382
2023-07-31,570020,22775,8110,30885
2023-08-31,570020,31800,10965,42765
2023-09-30,570020,33090,14060,47150
2023-10-31,570020,39478,20010,59488
2023-11-30,570020,61635,16601,78236
2023-12-31,570020,79105,18444,97549
2024-01-31,570020,76511,18668,95179
2024-02-29,570020,55231,30079,85310
2024-03-31,570020,32698,18102,50800
2024-04-30,570020,34353,15197,49550
2024-05-31,570020,29817,7645,37462
2023-05-31,2012,12,5,17
2023-06-30,2012,504167,204701,708868
2023-07-31,2012,492744,207380,700124
2023-08-31,2012,518331,218470,736801
2023-09-30,2012,480947,195802,676749
2023-10-31,2012,512293,227241,739534
2023-11-30,2012,711568,201205,912773
2023-12-31,2012,642920,247595,890515
2024-01-31,2012,652326,239733,892059
2024-02-29,2012,627779,247829,875608
2024-03-31,2012,591995,250752,842747
2024-04-30,2012,565065,226756,791821
2024-05-31,2012,634047,241569,875616
2023-05-31,570021,0,1,1
2023-06-30,570021,43356,15405,58761
2023-07-31,570021,32955,11249,44204
2023-08-31,570021,44639,14006,58645
2023-09-30,570021,44909,16612,61521
2023-10-31,570021,52571,22073,74644
2023-11-30,570021,75019,19154,94173
2023-12-31,570021,91789,22787,114576
2024-01-31,570021,86864,23934,110798
2024-02-29,570021,68127,35387,103514
2024-03-31,570021,40928,24345,65273
2024-04-30,570021,40025,15534,55559
2024-05-31,570021,42720,8308,51028
2023-05-31,15002,42,9,51
2023-06-30,15002,572825,139149,711974
2023-07-31,15002,489839,128813,618652
2023-08-31,15002,570493,142409,712902
2023-09-30,15002,496094,123115,619209
2023-10-31,15002,585282,140779,726061
2023-11-30,15002,520717,132742,653459
2023-12-31,15002,598385,146007,744392
2024-01-31,15002,642189,138138,780327
2024-02-29,15002,538742,149628,688370
2024-03-31,15002,572316,160120,732436
2024-04-30,15002,566005,143057,709062
2024-05-31,15002,629164,144423,773587
2023-05-31,46001,5,3,8
2023-06-30,46001,141463,159656,301119
2023-07-31,46001,135336,160723,296059
2023-08-31,46001,138997,162126,301123
2023-09-30,46001,124672,141568,266240
2023-10-31,46001,144424,157459,301883
2023-11-30,46001,156818,139655,296473
2023-12-31,46001,174241,161366,335607
2024-01-31,46001,160716,161208,321924
2024-02-29,46001,157608,173015,330623
2024-03-31,46001,161586,185701,347287
2024-04-30,46001,168904,163822,332726
2024-05-31,46001,175211,179245,354456
2023-05-31,44001,58,11,69
2023-06-30,44001,606903,199682,806585
2023-07-31,44001,502238,199639,701877
2023-08-31,44001,546268,209892,756160
2023-09-30,44001,513470,188413,701883
2023-10-31,44001,546112,214698,760810
2023-11-30,44001,691467,189832,881299
2023-12-31,44001,697878,212218,910096
2024-01-31,44001,608302,195203,803505
2024-02-29,44001,554896,200972,755868
2024-03-31,44001,578331,213558,791889
2024-04-30,44001,604622,187400,792022
2024-05-31,44001,731398,194536,925934
2023-05-31,45001,18,4,22
2023-06-30,45001,737447,80349,817796
2023-07-31,45001,647034,63259,710293
2023-08-31,45001,714486,56694,771180
2023-09-30,45001,644609,51831,696440
2023-10-31,45001,705366,62765,768131
2023-11-30,45001,695498,64106,759604
2023-12-31,45001,785654,73651,859305
2024-01-31,45001,743089,69983,813072
2024-02-29,45001,757593,73015,830608
2024-03-31,45001,809398,92500,901898
2024-04-30,45001,832776,95474,928250
2024-05-31,45001,900200,99196,999396
2023-05-31,42001,68,7,75
2023-06-30,42001,788187,160519,948706
2023-07-31,42001,765079,166509,931588
2023-08-31,42001,805614,172612,978226
2023-09-30,42001,717233,150075,867308
2023-10-31,42001,803012,161930,964942
2023-11-30,42001,770782,150491,921273
2023-12-31,42001,818900,171811,990711
2024-01-31,42001,796933,159211,956144
2024-02-29,42001,749667,163336,913003
2024-03-31,42001,765470,178705,944175
2024-04-30,42001,770348,158042,928390
2024-05-31,42001,872847,166290,1039137
2023-05-31,44002,91,25,116
2023-06-30,44002,503606,183718,687324
2023-07-31,44002,414470,181725,596195
2023-08-31,44002,452768,190395,643163
2023-09-30,44002,412583,170131,582714
2023-10-31,44002,444530,192975,637505
2023-11-30,44002,536182,170944,707126
2023-12-31,44002,547047,189498,736545
2024-01-31,44002,469906,174307,644213
2024-02-29,44002,430488,181986,612474
2024-03-31,44002,439754,191850,631604
2024-04-30,44002,468873,169388,638261
2024-05-31,44002,569019,178517,747536
2023-05-31,46002,0,2,2
2023-06-30,46002,63784,154649,218433
2023-07-31,46002,60267,156166,216433
2023-08-31,46002,64368,157566,221934
2023-09-30,46002,56622,136100,192722
2023-10-31,46002,64693,149755,214448
2023-11-30,46002,71716,132703,204419
2023-12-31,46002,86964,154097,241061
2024-01-31,46002,80024,154472,234496
2024-02-29,46002,77525,167519,245044
2024-03-31,46002,79278,177944,257222
2024-04-30,46002,81819,158230,240049
2024-05-31,46002,86626,173938,260564
2023-05-31,43001,138,47,185
2023-06-30,43001,638435,161403,799838
2023-07-31,43001,608819,174413,783232
2023-08-31,43001,648926,179293,828219
2023-09-30,43001,573508,156045,729553
2023-10-31,43001,648812,176891,825703
2023-11-30,43001,621306,160040,781346
2023-12-31,43001,654214,173545,827759
2024-01-31,43001,643920,154311,798231
2024-02-29,43001,583318,180629,763947
2024-03-31,43001,590865,194021,784886
2024-04-30,43001,609449,163470,772919
2024-05-31,43001,683576,165413,848989
2023-05-31,52002,3,4,7
2023-06-30,52002,470422,85550,555972
2023-07-31,52002,451507,86963,538470
2023-08-31,52002,500809,98016,598825
2023-09-30,52002,484703,79377,564080
2023-10-31,52002,491927,109975,601902
2023-11-30,52002,591000,94915,685915
2023-12-31,52002,575102,113802,688904
2024-01-31,52002,555057,105357,660414
2024-02-29,52002,605879,113082,718961
2024-03-31,52002,632311,112880,745191
2024-04-30,52002,616562,104884,721446
2024-05-31,52002,707621,109574,817195
2023-05-31,54001,8,3,11
2023-06-30,54001,456155,159980,616135
2023-07-31,54001,424720,156948,581668
2023-08-31,54001,454251,166569,620820
2023-09-30,54001,402804,151280,554084
2023-10-31,54001,426508,176132,602640
2023-11-30,54001,559888,158152,718040
2023-12-31,54001,548151,175543,723694
2024-01-31,54001,484841,166991,651832
2024-02-29,54001,455967,179947,635914
2024-03-31,54001,472721,191711,664432
2024-04-30,54001,510073,171850,681923
2024-05-31,54001,566056,174825,740881
2023-05-31,54002,20,9,29
2023-06-30,54002,381285,160091,541376
2023-07-31,54002,334597,155493,490090
2023-08-31,54002,362195,167233,529428
2023-09-30,54002,316509,153720,470229
2023-10-31,54002,326402,177705,504107
2023-11-30,54002,455123,159304,614427
2023-12-31,54002,431939,177679,609618
2024-01-31,54002,374179,165920,540099
2024-02-29,54002,345192,176351,521543
2024-03-31,54002,354669,189141,543810
2024-04-30,54002,392707,167778,560485
2024-05-31,54002,445736,171129,616865
2023-05-31,51002,35,9,44
2023-06-30,51002,269749,177932,447681
2023-07-31,51002,237413,173832,411245
2023-08-31,51002,255340,188367,443707
2023-09-30,51002,219132,171103,390235
2023-10-31,51002,230144,191348,421492
2023-11-30,51002,316126,166526,482652
2023-12-31,51002,303752,173927,477679
2024-01-31,51002,263199,166479,429678
2024-02-29,51002,247134,189054,436188
2024-03-31,51002,250978,210199,461177
2024-04-30,51002,276687,189168,465855
2024-05-31,51002,319201,207990,527191
2023-05-31,51001,101,9,110
2023-06-30,51001,415842,188029,603871
2023-07-31,51001,379576,184919,564495
2023-08-31,51001,413101,200428,613529
2023-09-30,51001,334007,181634,515641
2023-10-31,51001,351523,204300,555823
2023-11-30,51001,475120,180403,655523
2023-12-31,51001,473836,192814,666650
2024-01-31,51001,407484,186539,594023
2024-02-29,51001,385502,209081,594583
2024-03-31,51001,381754,231337,613091
2024-04-30,51001,418276,209112,627388
2024-05-31,51001,491643,229266,720909
2023-05-31,52001,30,7,37
2023-06-30,52001,381525,77698,459223
2023-07-31,52001,353424,73078,426502
2023-08-31,52001,406671,86428,493099
2023-09-30,52001,409221,68309,477530
2023-10-31,52001,392382,92278,484660
2023-11-30,52001,537375,78732,616107
2023-12-31,52001,468153,91234,559387
2024-01-31,52001,440272,86780,527052
2024-02-29,52001,457737,93248,550985
2024-03-31,52001,477172,97206,574378
2024-04-30,52001,442698,89449,532147
2024-05-31,52001,529916,93684,623600
2023-05-31,53001,27,22,49
2023-06-30,53001,229249,104587,333836
2023-07-31,53001,214592,100315,314907
2023-08-31,53001,220036,101780,321816
2023-09-30,53001,185827,91731,277558
2023-10-31,53001,212597,108126,320723
2023-11-30,53001,238749,93644,332393
2023-12-31,53001,258003,107388,365391
2024-01-31,53001,223245,102372,325617
2024-02-29,53001,226258,108695,334953
2024-03-31,53001,224825,114191,339016
2024-04-30,53001,223596,108736,332332
2024-05-31,53001,243489,120733,364222
2023-05-31,570025,2,1,3
2023-06-30,570025,59169,9225,68394
2023-07-31,570025,55374,9115,64489
2023-08-31,570025,62623,8985,71608
2023-09-30,570025,55102,8090,63192
2023-10-31,570025,61306,9843,71149
2023-11-30,570025,70228,8157,78385
2023-12-31,570025,65059,8568,73627
2024-01-31,570025,65938,8129,74067
2024-02-29,570025,75446,8780,84226
2024-03-31,570025,72890,9600,82490
2024-04-30,570025,70152,9205,79357
2024-05-31,570025,65414,9268,74682
2023-05-31,570027,3,0,3
2023-06-30,570027,23468,12168,35636
2023-07-31,570027,20137,13447,33584
2023-08-31,570027,19936,19185,39121
2023-09-30,570027,21242,14710,35952
2023-10-31,570027,27417,16152,43569
2023-11-30,570027,22545,14896,37441
2023-12-31,570027,22080,19387,41467
2024-01-31,570027,19608,19603,39211
2024-02-29,570027,23115,21528,44643
2024-03-31,570027,23382,21736,45118
2024-04-30,570027,24348,20528,44876
2024-05-31,570027,22944,18674,41618
2023-05-31,570023,0,1,1
2023-06-30,570023,52347,12902,65249
2023-07-31,570023,49301,11893,61194
2023-08-31,570023,48964,13366,62330
2023-09-30,570023,41554,11790,53344
2023-10-31,570023,48332,13263,61595
2023-11-30,570023,48977,9438,58415
2023-12-31,570023,52267,11099,63366
2024-01-31,570023,51203,10502,61705
2024-02-29,570023,57649,13518,71167
2024-03-31,570023,59680,16934,76614
2024-04-30,570023,64227,15350,79577
2024-05-31,570023,67973,15778,83751
2023-05-31,570026,7,1,8
2023-06-30,570026,63875,12483,76358
2023-07-31,570026,58363,12083,70446
2023-08-31,570026,59053,12378,71431
2023-09-30,570026,52315,11519,63834
2023-10-31,570026,57765,15735,73500
2023-11-30,570026,64319,12119,76438
2023-12-31,570026,63929,13740,77669
2024-01-31,570026,63960,12253,76213
2024-02-29,570026,72484,13385,85869
2024-03-31,570026,71404,14251,85655
2024-04-30,570026,66637,12333,78970
2024-05-31,570026,69253,11848,81101
2023-05-31,34001,104,83,187
2023-06-30,34001,822277,228724,1051001
2023-07-31,34001,762517,223900,986417
2023-08-31,34001,805717,239705,1045422
2023-09-30,34001,716126,216100,932226
2023-10-31,34001,826863,246561,1073424
2023-11-30,34001,778447,227508,1005955
2023-12-31,34001,859374,238227,1097601
2024-01-31,34001,808894,216336,1025230
2024-02-29,34001,775301,236228,1011529
2024-03-31,34001,806633,254267,1060900
2024-04-30,34001,830221,225409,1055630
2024-05-31,34001,875422,237637,1113059
2023-05-31,56001,135,36,171
2023-06-30,56001,512631,128537,641168
2023-07-31,56001,504619,131139,635758
2023-08-31,56001,541216,131325,672541
2023-09-30,56001,481923,119027,600950
2023-10-31,56001,542733,130695,673428
2023-11-30,56001,509821,115633,625454
2023-12-31,56001,551602,122219,673821
2024-01-31,56001,582152,120302,702454
2024-02-29,56001,489570,127531,617101
2024-03-31,56001,525864,135654,661518
2024-04-30,56001,516003,121748,637751
2024-05-31,56001,611892,131056,742948
2023-05-31,570055,5,3,8
2023-06-30,570055,26771,4974,31745
2023-07-31,570055,20245,3341,23586
2023-08-31,570055,20891,4278,25169
2023-09-30,570055,20096,4813,24909
2023-10-31,570055,22722,4557,27279
2023-11-30,570055,25362,5188,30550
2023-12-31,570055,31207,6810,38017
2024-01-31,570055,30102,4789,34891
2024-02-29,570055,29350,5503,34853
2024-03-31,570055,28325,6372,34697
2024-04-30,570055,27024,6626,33650
2024-05-31,570055,29300,5144,34444
2023-05-31,570032,14,6,20
2023-06-30,570032,24398,24618,49016
2023-07-31,570032,23957,24715,48672
2023-08-31,570032,25381,29215,54596
2023-09-30,570032,25349,27571,52920
2023-10-31,570032,26388,32017,58405
2023-11-30,570032,26113,27248,53361
2023-12-31,570032,27352,29135,56487
2024-01-31,570032,30501,27632,58133
2024-02-29,570032,32843,29667,62510
2024-03-31,570032,32787,31284,64071
2024-04-30,570032,30440,26949,57389
2024-05-31,570032,35314,27383,62697
2023-05-31,570031,25,4,29
2023-06-30,570031,93575,25460,119035
2023-07-31,570031,90683,28051,118734
2023-08-31,570031,98169,32140,130309
2023-09-30,570031,86772,33324,120096
2023-10-31,570031,95827,36064,131891
2023-11-30,570031,101247,30353,131600
2023-12-31,570031,115195,33757,148952
2024-01-31,570031,98624,32199,130823
2024-02-29,570031,102498,32875,135373
2024-03-31,570031,111459,33581,145040
2024-04-30,570031,104432,31275,135707
2024-05-31,570031,115705,32831,148536
2023-05-31,570030,3,1,4
2023-06-30,570030,52729,16103,68832
2023-07-31,570030,47363,16544,63907
2023-08-31,570030,50510,18066,68576
2023-09-30,570030,44184,16342,60526
2023-10-31,570030,51168,19768,70936
2023-11-30,570030,55254,17953,73207
2023-12-31,570030,57201,20608,77809
2024-01-31,570030,50420,17618,68038
2024-02-29,570030,53905,18438,72343
2024-03-31,570030,56837,18639,75476
2024-04-30,570030,56035,17976,74011
2024-05-31,570030,60832,18214,79046
2023-06-30,570034,9307,2813,12120
2023-07-31,570034,8693,1854,10547
2023-08-31,570034,8556,2313,10869
2023-09-30,570034,7306,1428,8734
2023-10-31,570034,10644,2955,13599
2023-11-30,570034,13968,3403,17371
2023-12-31,570034,18950,4508,23458
2024-01-31,570034,16064,4973,21037
2024-02-29,570034,15895,4491,20386
2024-03-31,570034,12339,5276,17615
2024-04-30,570034,16307,3748,20055
2024-05-31,570034,15570,4065,19635
2023-06-30,570054,14021,4023,18044
2023-07-31,570054,13330,3975,17305
2023-08-31,570054,13282,4112,17394
2023-09-30,570054,12838,3132,15970
2023-10-31,570054,14984,4414,19398
2023-11-30,570054,14530,3451,17981
2023-12-31,570054,14841,4126,18967
2024-01-31,570054,16231,4244,20475
2024-02-29,570054,19969,9539,29508
2024-03-31,570054,16588,6022,22610
2024-04-30,570054,16561,4342,20903
2024-05-31,570054,16905,4911,21816
2023-05-31,55001,68,8,76
2023-06-30,55001,217334,26646,243980
2023-07-31,55001,200705,27752,228457
2023-08-31,55001,225043,28853,253896
2023-09-30,55001,194277,24523,218800
2023-10-31,55001,216786,25728,242514
2023-11-30,55001,199220,21879,221099
2023-12-31,55001,278529,25787,304316
2024-01-31,55001,270269,22933,293202
2024-02-29,55001,201018,25318,226336
2024-03-31,55001,215846,27247,243093
2024-04-30,55001,227843,24186,252029
2024-05-31,55001,281433,25007,306440
2023-05-31,24003,2,7,9
2023-06-30,24003,96818,277621,374439
2023-07-31,24003,83397,274883,358280
2023-08-31,24003,84146,281019,365165
2023-09-30,24003,74025,257077,331102
2023-10-31,24003,87829,294411,382240
2023-11-30,24003,104070,257986,362056
2023-12-31,24003,113567,286408,399975
2024-01-31,24003,98257,278102,376359
2024-02-29,24003,103122,305624,408746
2024-03-31,24003,99356,330793,430149
2024-04-30,24003,105127,311642,416769
2024-05-31,24003,111176,332920,444096
2023-05-31,24001,0,4,4
2023-06-30,24001,128133,148123,276256
2023-07-31,24001,106335,149079,255414
2023-08-31,24001,105845,156457,262302
2023-09-30,24001,93239,147788,241027
2023-10-31,24001,106554,165691,272245
2023-11-30,24001,130109,144402,274511
2023-12-31,24001,139410,160049,299459
2024-01-31,24001,120652,150106,270758
2024-02-29,24001,122823,167830,290653
2024-03-31,24001,129163,182847,312010
2024-04-30,24001,135436,171888,307324
2024-05-31,24001,150838,184654,335492
2023-05-31,19001,280,117,397
2023-06-30,19001,713797,142953,856750
2023-07-31,19001,670809,149206,820015
2023-08-31,19001,715971,151326,867297
2023-09-30,19001,642534,137057,779591
2023-10-31,19001,702121,144675,846796
2023-11-30,19001,655295,125295,780590
2023-12-31,19001,733510,137650,871160
2024-01-31,19001,825557,134088,959645
2024-02-29,19001,643623,146916,790539
2024-03-31,19001,665214,158425,823639
2024-04-30,19001,692564,137905,830469
2024-05-31,19001,845613,141943,987556
2023-05-31,23001,5,0,5
2023-06-30,23001,245181,87802,332983
2023-07-31,23001,227837,81176,309013
2023-08-31,23001,232620,83616,316236
2023-09-30,23001,200201,75804,276005
2023-10-31,23001,230836,91565,322401
2023-11-30,23001,261426,86640,348066
2023-12-31,23001,272607,102959,375566
2024-01-31,23001,243570,96431,340001
2024-02-29,23001,247104,108884,355988
2024-03-31,23001,251346,114629,365975
2024-04-30,23001,254036,100810,354846
2024-05-31,23001,270405,103249,373654
2023-05-31,70001,3,9,12
2023-06-30,70001,280687,216953,497640
2023-07-31,70001,243795,211171,454966
2023-08-31,70001,259949,212525,472474
2023-09-30,70001,232900,200173,433073
2023-10-31,70001,293214,229737,522951
2023-11-30,70001,270070,213849,483919
2023-12-31,70001,312160,221925,534085
2024-01-31,70001,315016,203584,518600
2024-02-29,70001,268645,222419,491064
2024-03-31,70001,288815,238563,527378
2024-04-30,70001,274716,216559,491275
2024-05-31,70001,290217,217144,507361
2023-05-31,47001,11,1,12
2023-06-30,47001,724110,64420,788530
2023-07-31,47001,704210,62582,766792
2023-08-31,47001,710639,62186,772825
2023-09-30,47001,655295,57905,713200
2023-10-31,47001,685178,71054,756232
2023-11-30,47001,708941,62153,771094
2023-12-31,47001,750318,70123,820441
2024-01-31,47001,714502,63440,777942
2024-02-29,47001,757829,64209,822038
2024-03-31,47001,761777,67776,829553
2024-04-30,47001,725584,67013,792597
2024-05-31,47001,745091,71750,816841
2023-05-31,550013,15,2,17
2023-06-30,550013,42837,3728,46565
2023-07-31,550013,34764,3489,38253
2023-08-31,550013,39040,4732,43772
2023-09-30,550013,33779,4424,38203
2023-10-31,550013,37330,4178,41508
2023-11-30,550013,37123,4553,41676
2023-12-31,550013,40822,5219,46041
2024-01-31,550013,37219,4807,42026
2024-02-29,550013,39160,4885,44045
2024-03-31,550013,40517,4786,45303
2024-04-30,550013,42867,4740,47607
2024-05-31,550013,48391,4167,52558
2023-06-30,545047,8717,5792,14509
2023-07-31,545047,8632,4049,12681
2023-08-31,545047,8405,3987,12392
2023-09-30,545047,6623,3338,9961
2023-10-31,545047,8143,4694,12837
2023-11-30,545047,6916,4502,11418
2023-12-31,545047,6768,5099,11867
2024-01-31,545047,7564,5487,13051
2024-02-29,545047,7858,5585,13443
2024-03-31,545047,8573,6155,14728
2024-04-30,545047,8946,6216,15162
2024-05-31,545047,8720,7070,15790
2023-05-31,556030,784,122,906
2023-06-30,556030,328234,51243,379477
2023-07-31,556030,318404,51452,369856
2023-08-31,556030,322699,54287,376986
2023-09-30,556030,291158,48195,339353
2023-10-31,556030,346401,51914,398315
2023-11-30,556030,319869,47785,367654
2023-12-31,556030,373017,53696,426713
2024-01-31,556030,328038,52499,380537
2024-02-29,556030,326636,55867,382503
2024-03-31,556030,338224,58803,397027
2024-04-30,556030,343315,50448,393763
2024-05-31,556030,396617,56067,452684
2023-06-30,545033,9884,3902,13786
2023-07-31,545033,9385,4560,13945
2023-08-31,545033,9703,5116,14819
2023-09-30,545033,9033,4168,13201
2023-10-31,545033,10393,5115,15508
2023-11-30,545033,11250,3880,15130
2023-12-31,545033,11934,3021,14955
2024-01-31,545033,13662,2363,16025
2024-02-29,545033,10966,2859,13825
2024-03-31,545033,11690,5641,17331
2024-04-30,545033,12711,5122,17833
2024-05-31,545033,12173,5204,17377
2023-05-31,552003,24,0,24
2023-06-30,552003,197339,23,197362
2023-07-31,552003,205163,13,205176
2023-08-31,552003,211433,33,211466
2023-09-30,552003,178019,21,178040
2023-10-31,552003,182338,15,182353
2023-11-30,552003,196622,20,196642
2023-12-31,552003,219568,13,219581
2024-01-31,552003,211630,24,211654
2024-02-29,552003,201714,36,201750
2024-03-31,552003,208239,25,208264
2024-04-30,552003,188402,13,188415
2024-05-31,552003,207206,18,207224
2023-05-31,556031,608,49,657
2023-06-30,556031,122849,11660,134509
2023-07-31,556031,117658,11302,128960
2023-08-31,556031,119462,12033,131495
2023-09-30,556031,110963,9948,120911
2023-10-31,556031,123172,10930,134102
2023-11-30,556031,126759,10915,137674
2023-12-31,556031,131798,12841,144639
2024-01-31,556031,124811,12405,137216
2024-02-29,556031,130713,13167,143880
2024-03-31,556031,130826,14085,144911
2024-04-30,556031,129363,12415,141778
2024-05-31,556031,151961,12943,164904
2023-05-31,556015,114,51,165
2023-06-30,556015,29996,14659,44655
2023-07-31,556015,30121,12721,42842
2023-08-31,556015,31577,13162,44739
2023-09-30,556015,28627,11758,40385
2023-10-31,556015,32230,14742,46972
2023-11-30,556015,32499,13490,45989
2023-12-31,556015,38677,15893,54570
2024-01-31,556015,34164,15147,49311
2024-02-29,556015,37477,18026,55503
2024-03-31,556015,38062,18845,56907
2024-04-30,556015,40019,15125,55144
2024-05-31,556015,34840,15271,50111
2023-05-31,545048,0,1,1
2023-06-30,545048,4718,3450,8168
2023-07-31,545048,3626,3158,6784
2023-08-31,545048,4712,3511,8223
2023-09-30,545048,3520,2952,6472
2023-10-31,545048,4857,4147,9004
2023-11-30,545048,4371,3711,8082
2023-12-31,545048,4350,4571,8921
2024-01-31,545048,4231,4119,8350
2024-02-29,545048,4422,4241,8663
2024-03-31,545048,4446,4626,9072
2024-04-30,545048,4609,4414,9023
2024-05-31,545048,5026,4042,9068
2023-05-31,19002,225,60,285
2023-06-30,19002,528950,130971,659921
2023-07-31,19002,502857,136357,639214
2023-08-31,19002,545840,140797,686637
2023-09-30,19002,485219,129221,614440
2023-10-31,19002,536019,136116,672135
2023-11-30,19002,510273,112432,622705
2023-12-31,19002,591992,132069,724061
2024-01-31,19002,637737,125865,763602
2024-02-29,19002,494095,142642,636737
2024-03-31,19002,511588,147833,659421
2024-04-30,19002,524345,124713,649058
2024-05-31,19002,647739,127187,774926
2023-05-31,24004,3,3,6
2023-06-30,24004,201959,176275,378234
2023-07-31,24004,174159,173519,347678
2023-08-31,24004,180200,181281,361481
2023-09-30,24004,160788,166829,327617
2023-10-31,24004,184147,186396,370543
2023-11-30,24004,206488,165500,371988
2023-12-31,24004,228411,185027,413438
2024-01-31,24004,203415,177430,380845
2024-02-29,24004,209132,193973,403105
2024-03-31,24004,206616,206419,413035
2024-04-30,24004,214218,199018,413236
2024-05-31,24004,234151,219813,453964
2023-05-31,24002,1,5,6
2023-06-30,24002,61992,148658,210650
2023-07-31,24002,52617,150414,203031
2023-08-31,24002,52363,157570,209933
2023-09-30,24002,45481,147138,192619
2023-10-31,24002,54945,166135,221080
2023-11-30,24002,69665,146678,216343
2023-12-31,24002,74703,167428,242131
2024-01-31,24002,63432,157574,221006
2024-02-29,24002,63780,172980,236760
2024-03-31,24002,65787,186520,252307
2024-04-30,24002,73074,177267,250341
2024-05-31,24002,77844,190127,267971
2023-05-31,550012,84,20,104
2023-06-30,550012,150791,19043,169834
2023-07-31,550012,147063,18276,165339
2023-08-31,550012,161064,19763,180827
2023-09-30,550012,142043,17435,159478
2023-10-31,550012,149106,19479,168585
2023-11-30,550012,154901,18797,173698
2023-12-31,550012,173277,19698,192975
2024-01-31,550012,151965,17664,169629
2024-02-29,550012,157457,18686,176143
2024-03-31,550012,158721,21725,180446
2024-04-30,550012,159261,20157,179418
2024-05-31,550012,157247,20147,177394
2023-06-30,545084,4434,4,4438
2023-07-31,545084,3289,0,3289
2023-08-31,545084,3061,1,3062
2023-09-30,545084,3165,3,3168
2023-10-31,545084,3646,1,3647
2023-11-30,545084,5198,4,5202
2023-12-31,545084,1389,0,1389
2024-01-31,545084,3676,3,3679
2024-02-29,545084,4364,4,4368
2024-03-31,545084,3676,18,3694
2024-04-30,545084,6630,12,6642
2024-05-31,545084,3284,7,3291
2023-05-31,556016,4,0,4
2023-06-30,556016,74528,33258,107786
2023-07-31,556016,69024,26553,95577
2023-08-31,556016,68065,26928,94993
2023-09-30,556016,61625,21904,83529
2023-10-31,556016,74928,24536,99464
2023-11-30,556016,72520,27696,100216
2023-12-31,556016,85465,30604,116069
2024-01-31,556016,78361,25445,103806
2024-02-29,556016,77803,24316,102119
2024-03-31,556016,75985,27649,103634
2024-04-30,556016,83906,26525,110431
2024-05-31,556016,88002,29018,117020
2023-06-30,545108,20440,95898,116338
2023-07-31,545108,18203,94803,113006
2023-08-31,545108,18848,81851,100699
2023-09-30,545108,16272,58552,74824
2023-10-31,545108,18330,76864,95194
2023-11-30,545108,18580,84205,102785
2023-12-31,545108,21809,79626,101435
2024-01-31,545108,19366,81802,101168
2024-02-29,545108,18664,110345,129009
2024-03-31,545108,17562,110860,128422
2024-04-30,545108,18009,86482,104491
2024-05-31,545108,19807,112372,132179
2023-05-31,545032,0,1,1
2023-06-30,545032,11273,55722,66995
2023-07-31,545032,10145,47567,57712
2023-08-31,545032,9256,40688,49944
2023-09-30,545032,8888,44129,53017
2023-10-31,545032,9727,52472,62199
2023-11-30,545032,8794,42966,51760
2023-12-31,545032,10257,52029,62286
2024-01-31,545032,11201,51060,62261
2024-02-29,545032,11245,56066,67311
2024-03-31,545032,10257,53066,63323
2024-04-30,545032,11121,50466,61587
2024-05-31,545032,10087,54273,64360
2023-05-31,560015,15,9,24
2023-06-30,560015,465811,123627,589438
2023-07-31,560015,474989,137039,612028
2023-08-31,560015,488708,137305,626013
2023-09-30,560015,434449,121060,555509
2023-10-31,560015,457433,129450,586883
2023-11-30,560015,453371,116071,569442
2023-12-31,560015,435983,121611,557594
2024-01-31,560015,498605,122139,620744
2024-02-29,560015,483893,139755,623648
2024-03-31,560015,474216,150552,624768
2024-04-30,560015,452546,133072,585618
2024-05-31,560015,502779,136537,639316
2023-05-31,545025,1,0,1
2023-06-30,545025,134320,106452,240772
2023-07-31,545025,140566,106206,246772
2023-08-31,545025,145813,110428,256241
2023-09-30,545025,121183,100154,221337
2023-10-31,545025,102974,113307,216281
2023-11-30,545025,117758,93108,210866
2023-12-31,545025,143047,102982,246029
2024-01-31,545025,136276,101215,237491
2024-02-29,545025,129982,110939,240921
2024-03-31,545025,131484,117687,249171
2024-04-30,545025,123047,102749,225796
2024-05-31,545025,133690,102882,236572
2023-06-30,545029,22224,4267,26491
2023-07-31,545029,20256,3616,23872
2023-08-31,545029,21397,4030,25427
2023-09-30,545029,19581,3623,23204
2023-10-31,545029,23445,4951,28396
2023-11-30,545029,21512,4867,26379
2023-12-31,545029,23781,5232,29013
2024-01-31,545029,22789,5261,28050
2024-02-29,545029,24112,5685,29797
2024-03-31,545029,22273,5654,27927
2024-04-30,545029,23320,5026,28346
2024-05-31,545029,23859,5072,28931
2023-05-31,545030,0,1,1
2023-06-30,545030,18865,12899,31764
2023-07-31,545030,17786,11154,28940
2023-08-31,545030,17630,12796,30426
2023-09-30,545030,16106,9765,25871
2023-10-31,545030,23321,13980,37301
2023-11-30,545030,18516,11910,30426
2023-12-31,545030,20575,15656,36231
2024-01-31,545030,18237,13858,32095
2024-02-29,545030,17724,14867,32591
2024-03-31,545030,16933,14559,31492
2024-04-30,545030,17675,13578,31253
2024-05-31,545030,18664,13466,32130
2023-06-30,545031,15406,2370,17776
2023-07-31,545031,15198,2170,17368
2023-08-31,545031,37349,2339,39688
2023-09-30,545031,11697,1992,13689
2023-10-31,545031,12288,2379,14667
2023-11-30,545031,14844,2139,16983
2023-12-31,545031,15982,2162,18144
2024-01-31,545031,15773,2489,18262
2024-02-29,545031,17608,2884,20492
2024-03-31,545031,33329,2685,36014
2024-04-30,545031,12735,2035,14770
2024-05-31,545031,16318,2081,18399
2023-05-31,545026,1,1,2
2023-06-30,545026,94001,97755,191756
2023-07-31,545026,91498,98635,190133
2023-08-31,545026,97842,103077,200919
2023-09-30,545026,82067,96185,178252
2023-10-31,545026,86177,108960,195137
2023-11-30,545026,95332,90592,185924
2023-12-31,545026,110146,106393,216539
2024-01-31,545026,100768,97203,197971
2024-02-29,545026,107603,103304,210907
2024-03-31,545026,100324,116824,217148
2024-04-30,545026,102801,103691,206492
2024-05-31,545026,106447,104945,211392
2023-05-31,545027,2,3,5
2023-06-30,545027,106418,104407,210825
2023-07-31,545027,102608,103597,206205
2023-08-31,545027,109789,107216,217005
2023-09-30,545027,90792,99603,190395
2023-10-31,545027,93928,112839,206767
2023-11-30,545027,102870,92265,195135
2023-12-31,545027,118731,105409,224140
2024-01-31,545027,110172,101126,211298
2024-02-29,545027,118861,106897,225758
2024-03-31,545027,110948,120762,231710
2024-04-30,545027,112454,106738,219192
2024-05-31,545027,117091,107180,224271
2023-05-31,545028,1,0,1
2023-06-30,545028,67830,6634,74464
2023-07-31,545028,59594,5791,65385
2023-08-31,545028,79492,5819,85311
2023-09-30,545028,52846,5273,58119
2023-10-31,545028,55037,6664,61701
2023-11-30,545028,59656,6576,66232
2023-12-31,545028,66454,9028,75482
2024-01-31,545028,62345,8200,70545
2024-02-29,545028,65544,6972,72516
2024-03-31,545028,75586,7146,82732
2024-04-30,545028,62098,6512,68610
2024-05-31,545028,68252,6912,75164
2023-05-31,545085,3,2,5
2023-06-30,545085,7692,6609,14301
2023-07-31,545085,6146,7798,13944
2023-08-31,545085,6034,5972,12006
2023-09-30,545085,5336,5239,10575
2023-10-31,545085,6341,4725,11066
2023-11-30,545085,6483,4433,10916
2023-12-31,545085,7746,5339,13085
2024-01-31,545085,6648,5882,12530
2024-02-29,545085,9460,5825,15285
2024-03-31,545085,8366,5571,13937
2024-04-30,545085,9002,4891,13893
2024-05-31,545085,6829,5391,12220
2023-05-31,550009,84,34,118
2023-06-30,550009,225600,47218,272818
2023-07-31,550009,206902,41714,248616
2023-08-31,550009,234625,42973,277598
2023-09-30,550009,210291,38464,248755
2023-10-31,550009,222153,44462,266615
2023-11-30,550009,223627,44189,267816
2023-12-31,550009,251101,49590,300691
2024-01-31,550009,231028,46783,277811
2024-02-29,550009,237126,49181,286307
2024-03-31,550009,249973,55775,305748
2024-04-30,550009,255209,53672,308881
2024-05-31,550009,272202,56630,328832
2023-05-31,550006,77,57,134
2023-06-30,550006,209144,109690,318834
2023-07-31,550006,207961,108949,316910
2023-08-31,550006,226357,115671,342028
2023-09-30,550006,199574,105904,305478
2023-10-31,550006,213958,118349,332307
2023-11-30,550006,217943,106545,324488
2023-12-31,550006,245927,113508,359435
2024-01-31,550006,217336,104040,321376
2024-02-29,550006,227668,114302,341970
2024-03-31,550006,233222,124238,357460
2024-04-30,550006,228585,113359,341944
2024-05-31,550006,235572,119140,354712
2023-05-31,550008,28,8,36
2023-06-30,550008,90565,15868,106433
2023-07-31,550008,88743,15746,104489
2023-08-31,550008,96054,16603,112657
2023-09-30,550008,84625,14093,98718
2023-10-31,550008,91141,16184,107325
2023-11-30,550008,97345,15331,112676
2023-12-31,550008,106607,16163,122770
2024-01-31,550008,94867,15550,110417
2024-02-29,550008,99220,16559,115779
2024-03-31,550008,103259,18060,121319
2024-04-30,550008,101346,16316,117662
2024-05-31,550008,101932,18055,119987
2023-05-31,550007,63,29,92
2023-06-30,550007,191834,31426,223260
2023-07-31,550007,178137,28519,206656
2023-08-31,550007,204365,33393,237758
2023-09-30,550007,181541,28398,209939
2023-10-31,550007,198776,33769,232545
2023-11-30,550007,202583,30962,233545
2023-12-31,550007,223098,35753,258851
2024-01-31,550007,204655,35168,239823
2024-02-29,550007,216540,35467,252007
2024-03-31,550007,216405,37147,253552
2024-04-30,550007,213394,33867,247261
2024-05-31,550007,210566,34130,244696
2023-05-31,550010,22,2,24
2023-06-30,550010,44858,7884,52742
2023-07-31,550010,42659,6462,49121
2023-08-31,550010,48046,7723,55769
2023-09-30,550010,40493,6670,47163
2023-10-31,550010,44092,8370,52462
2023-11-30,550010,45178,7768,52946
2023-12-31,550010,50944,8209,59153
2024-01-31,550010,46331,7495,53826
2024-02-29,550010,47270,7526,54796
2024-03-31,550010,48338,7483,55821
2024-04-30,550010,47281,6773,54054
2024-05-31,550010,47169,8019,55188
2023-05-31,550011,149,63,212
2023-06-30,550011,276835,109984,386819
2023-07-31,550011,247914,105135,353049
2023-08-31,550011,288410,110318,398728
2023-09-30,550011,247665,96773,344438
2023-10-31,550011,273381,111414,384795
2023-11-30,550011,257274,103212,360486
2023-12-31,550011,291960,114174,406134
2024-01-31,550011,297779,107587,405366
2024-02-29,550011,270567,117091,387658
2024-03-31,550011,289682,127540,417222
2024-04-30,550011,293469,114820,408289
2024-05-31,550011,311900,118372,430272
2023-05-31,550005,63,11,74
2023-06-30,550005,206977,45787,252764
2023-07-31,550005,195703,42000,237703
2023-08-31,550005,216925,45752,262677
2023-09-30,550005,194899,39843,234742
2023-10-31,550005,202216,45706,247922
2023-11-30,550005,180159,40882,221041
2023-12-31,550005,192117,43746,235863
2024-01-31,550005,175575,41452,217027
2024-02-29,550005,184878,44511,229389
2024-03-31,550005,190446,48268,238714
2024-04-30,550005,189428,44769,234197
2024-05-31,550005,193571,45517,239088
2023-05-31,556013,0,2,2
2023-06-30,556013,8739,1383,10122
2023-07-31,556013,8912,1025,9937
2023-08-31,556013,9603,1260,10863
2023-09-30,556013,9257,1189,10446
2023-10-31,556013,9719,1179,10898
2023-11-30,556013,8442,1149,9591
2023-12-31,556013,10265,1361,11626
2024-01-31,556013,9507,1537,11044
2024-02-29,556013,9560,1550,11110
2024-03-31,556013,9989,1548,11537
2024-04-30,556013,9577,1268,10845
2024-05-31,556013,8563,1269,9832
2023-05-31,556009,0,3,3
2023-06-30,556009,30907,15760,46667
2023-07-31,556009,33512,15639,49151
2023-08-31,556009,40549,17712,58261
2023-09-30,556009,34081,15522,49603
2023-10-31,556009,36597,17023,53620
2023-11-30,556009,39795,17385,57180
2023-12-31,556009,43633,18702,62335
2024-01-31,556009,40224,17667,57891
2024-02-29,556009,35501,18437,53938
2024-03-31,556009,37211,19632,56843
2024-04-30,556009,37320,16195,53515
2024-05-31,556009,45565,18229,63794
2023-05-31,556014,28,4,32
2023-06-30,556014,17721,3967,21688
2023-07-31,556014,16909,2230,19139
2023-08-31,556014,17957,2372,20329
2023-09-30,556014,15265,1946,17211
2023-10-31,556014,15454,2426,17880
2023-11-30,556014,16749,3963,20712
2023-12-31,556014,20044,5295,25339
2024-01-31,556014,10252,1966,12218
2024-02-29,556014,0,0,0
2024-03-31,556014,10670,2159,12829
2024-04-30,556014,21718,2906,24624
2024-05-31,556014,16526,2520,19046
2023-05-31,556007,0,2,2
2023-06-30,556007,48584,14992,63576
2023-07-31,556007,48002,14234,62236
2023-08-31,556007,51151,15335,66486
2023-09-30,556007,51472,13994,65466
2023-10-31,556007,53744,16396,70140
2023-11-30,556007,51390,17611,69001
2023-12-31,556007,56923,17703,74626
2024-01-31,556007,50267,15781,66048
2024-02-29,556007,47177,15783,62960
2024-03-31,556007,45114,15422,60536
2024-04-30,556007,51600,15316,66916
2024-05-31,556007,52667,14730,67397
2023-05-31,556008,55,34,89
2023-06-30,556008,15864,3711,19575
2023-07-31,556008,14732,4182,18914
2023-08-31,556008,18395,4408,22803
2023-09-30,556008,18128,4066,22194
2023-10-31,556008,20975,5167,26142
2023-11-30,556008,18843,5006,23849
2023-12-31,556008,19102,5609,24711
2024-01-31,556008,17220,5499,22719
2024-02-29,556008,17057,5165,22222
2024-03-31,556008,17305,5100,22405
2024-04-30,556008,16834,4299,21133
2024-05-31,556008,16664,4611,21275
2023-05-31,556012,23,11,34
2023-06-30,556012,16552,3842,20394
2023-07-31,556012,16884,3286,20170
2023-08-31,556012,17618,3707,21325
2023-09-30,556012,16383,3214,19597
2023-10-31,556012,19550,4443,23993
2023-11-30,556012,19250,4766,24016
2023-12-31,556012,21776,5071,26847
2024-01-31,556012,19993,5236,25229
2024-02-29,556012,22351,5785,28136
2024-03-31,556012,20767,5125,25892
2024-04-30,556012,22587,3698,26285
2024-05-31,556012,20724,4002,24726
2023-05-31,556010,2,4,6
2023-06-30,556010,35678,15752,51430
2023-07-31,556010,36960,15246,52206
2023-08-31,556010,35724,16107,51831
2023-09-30,556010,35211,15013,50224
2023-10-31,556010,38096,17577,55673
2023-11-30,556010,38190,17872,56062
2023-12-31,556010,39646,17159,56805
2024-01-31,556010,35693,15543,51236
2024-02-29,556010,37902,17193,55095
2024-03-31,556010,38406,19439,57845
2024-04-30,556010,37973,17067,55040
2024-05-31,556010,40164,15828,55992
2023-05-31,545081,1,0,1
2023-06-30,545081,18965,5069,24034
2023-07-31,545081,13167,3691,16858
2023-08-31,545081,13966,3250,17216
2023-09-30,545081,13704,3338,17042
2023-10-31,545081,14565,4329,18894
2023-11-30,545081,14719,3721,18440
2023-12-31,545081,18050,4227,22277
2024-01-31,545081,16814,3868,20682
2024-02-29,545081,18486,4093,22579
2024-03-31,545081,20136,4605,24741
2024-04-30,545081,19895,4116,24011
2024-05-31,545081,18313,4375,22688
2023-05-31,545076,1,0,1
2023-06-30,545076,11253,11779,23032
2023-07-31,545076,9768,11903,21671
2023-08-31,545076,9222,9612,18834
2023-09-30,545076,7823,9195,17018
2023-10-31,545076,7335,11883,19218
2023-11-30,545076,6937,14387,21324
2023-12-31,545076,7247,12202,19449
2024-01-31,545076,7016,13025,20041
2024-02-29,545076,8088,13304,21392
2024-03-31,545076,8976,12933,21909
2024-04-30,545076,8824,10430,19254
2024-05-31,545076,8329,12513,20842
2023-05-31,545080,1,0,1
2023-06-30,545080,9461,5637,15098
2023-07-31,545080,7686,9051,16737
2023-08-31,545080,7223,5125,12348
2023-09-30,545080,6283,4695,10978
2023-10-31,545080,6806,5054,11860
2023-11-30,545080,7336,4250,11586
2023-12-31,545080,9364,4894,14258
2024-01-31,545080,8103,5315,13418
2024-02-29,545080,8728,5865,14593
2024-03-31,545080,9632,5341,14973
2024-04-30,545080,10017,4579,14596
2024-05-31,545080,9714,4236,13950
2023-05-31,545077,1,0,1
2023-06-30,545077,9017,4166,13183
2023-07-31,545077,4739,2408,7147
2023-08-31,545077,8828,3894,12722
2023-09-30,545077,7470,3390,10860
2023-10-31,545077,8448,4111,12559
2023-11-30,545077,8528,4105,12633
2023-12-31,545077,9290,4546,13836
2024-01-31,545077,8722,4462,13184
2024-02-29,545077,9442,4772,14214
2024-03-31,545077,9974,4933,14907
2024-04-30,545077,10077,4418,14495
2024-05-31,545077,10827,4685,15512
2023-05-31,545079,1,0,1
2023-06-30,545079,23657,1701,25358
2023-07-31,545079,19076,1251,20327
2023-08-31,545079,18343,1301,19644
2023-09-30,545079,18081,1005,19086
2023-10-31,545079,19329,1727,21056
2023-11-30,545079,19774,1586,21360
2023-12-31,545079,22481,1675,24156
2024-01-31,545079,20933,1207,22140
2024-02-29,545079,23497,1741,25238
2024-03-31,545079,21059,1293,22352
2024-04-30,545079,29243,2112,31355
2024-05-31,545079,21748,1800,23548
2023-05-31,545078,5,11,16
2023-06-30,545078,55857,29196,85053
2023-07-31,545078,53290,28521,81811
2023-08-31,545078,55870,30059,85929
2023-09-30,545078,45099,28217,73316
2023-10-31,545078,47912,36259,84171
2023-11-30,545078,54700,31596,86296
2023-12-31,545078,53527,32509,86036
2024-01-31,545078,45624,31929,77553
2024-02-29,545078,48945,35549,84494
2024-03-31,545078,48780,41533,90313
2024-04-30,545078,44895,36635,81530
2024-05-31,545078,46609,38104,84713
2023-05-31,545069,2,2,4
2023-06-30,545069,28694,28762,57456
2023-07-31,545069,25571,24966,50537
2023-08-31,545069,30717,24297,55014
2023-09-30,545069,26994,20205,47199
2023-10-31,545069,28099,24329,52428
2023-11-30,545069,26256,20887,47143
2023-12-31,545069,27510,19922,47432
2024-01-31,545069,20080,17738,37818
2024-02-29,545069,18315,23865,42180
2024-03-31,545069,17035,27948,44983
2024-04-30,545069,8830,9138,17968
2024-05-31,545069,7390,6422,13812
2023-05-31,556025,900,276,1176
2023-06-30,556025,409191,131594,540785
2023-07-31,556025,410851,134838,545689
2023-08-31,556025,423777,137543,561320
2023-09-30,556025,371263,120904,492167
2023-10-31,556025,432206,132756,564962
2023-11-30,556025,428619,124175,552794
2023-12-31,556025,452561,140036,592597
2024-01-31,556025,439202,130924,570126
2024-02-29,556025,428459,134792,563251
2024-03-31,556025,440236,144445,584681
2024-04-30,556025,431842,125938,557780
2024-05-31,556025,484216,131911,616127
2023-05-31,556029,546,36,582
2023-06-30,556029,78373,3860,82233
2023-07-31,556029,81608,4029,85637
2023-08-31,556029,83922,4253,88175
2023-09-30,556029,76674,3816,80490
2023-10-31,556029,84464,3768,88232
2023-11-30,556029,86420,3438,89858
2023-12-31,556029,91084,4131,95215
2024-01-31,556029,87357,3744,91101
2024-02-29,556029,88744,3729,92473
2024-03-31,556029,86182,4015,90197
2024-04-30,556029,86654,3423,90077
2024-05-31,556029,103094,3792,106886
2023-05-31,556026,635,150,785
2023-06-30,556026,331296,123432,454728
2023-07-31,556026,318568,124812,443380
2023-08-31,556026,328027,128848,456875
2023-09-30,556026,305191,114755,419946
2023-10-31,556026,344647,125015,469662
2023-11-30,556026,333038,115591,448629
2023-12-31,556026,367304,129371,496675
2024-01-31,556026,328056,124352,452408
2024-02-29,556026,328635,129705,458340
2024-03-31,556026,333117,138235,471352
2024-04-30,556026,333843,119041,452884
2024-05-31,556026,377063,125448,502511
2023-05-31,556023,5,8,13
2023-06-30,556023,48203,12643,60846
2023-07-31,556023,47605,11131,58736
2023-08-31,556023,48440,11002,59442
2023-09-30,556023,44359,9503,53862
2023-10-31,556023,51550,10864,62414
2023-11-30,556023,50284,9898,60182
2023-12-31,556023,51694,14592,66286
2024-01-31,556023,49219,13529,62748
2024-02-29,556023,52539,13571,66110
2024-03-31,556023,50257,14592,64849
2024-04-30,556023,52079,12831,64910
2024-05-31,556023,59973,13949,73922
2023-05-31,556027,954,92,1046
2023-06-30,556027,226690,21793,248483
2023-07-31,556027,219118,22075,241193
2023-08-31,556027,227069,23053,250122
2023-09-30,556027,202385,20752,223137
2023-10-31,556027,234696,22264,256960
2023-11-30,556027,238774,21465,260239
2023-12-31,556027,262927,24589,287516
2024-01-31,556027,244613,22877,267490
2024-02-29,556027,244299,23846,268145
2024-03-31,556027,245258,24593,269851
2024-04-30,556027,238891,21095,259986
2024-05-31,556027,281535,23950,305485
2023-05-31,556024,749,32,781
2023-06-30,556024,218578,11460,230038
2023-07-31,556024,218306,11664,229970
2023-08-31,556024,220900,12053,232953
2023-09-30,556024,194592,10582,205174
2023-10-31,556024,222183,11809,233992
2023-11-30,556024,228084,11518,239602
2023-12-31,556024,239408,12387,251795
2024-01-31,556024,229787,11535,241322
2024-02-29,556024,232664,12360,245024
2024-03-31,556024,231019,13051,244070
2024-04-30,556024,220587,11230,231817
2024-05-31,556024,261523,12136,273659
2023-05-31,556028,764,79,843
2023-06-30,556028,176884,14585,191469
2023-07-31,556028,180005,14840,194845
2023-08-31,556028,175328,14939,190267
2023-09-30,556028,154590,13144,167734
2023-10-31,556028,180141,13540,193681
2023-11-30,556028,172073,12509,184582
2023-12-31,556028,189889,14077,203966
2024-01-31,556028,173741,13541,187282
2024-02-29,556028,176148,14733,190881
2024-03-31,556028,181752,15489,197241
2024-04-30,556028,176062,13669,189731
2024-05-31,556028,197582,14249,211831
2023-06-30,545046,20844,2077,22921
2023-07-31,545046,14499,1427,15926
2023-08-31,545046,14663,1537,16200
2023-09-30,545046,12622,1295,13917
2023-10-31,545046,13501,2048,15549
2023-11-30,545046,14434,2231,16665
2023-12-31,545046,17095,2903,19998
2024-01-31,545046,16083,2914,18997
2024-02-29,545046,18611,3437,22048
2024-03-31,545046,17795,2648,20443
2024-04-30,545046,19648,2616,22264
2024-05-31,545046,16601,2743,19344
2023-05-31,545044,1,0,1
2023-06-30,545044,19809,6688,26497
2023-07-31,545044,16700,6620,23320
2023-08-31,545044,17973,6733,24706
2023-09-30,545044,14003,5751,19754
2023-10-31,545044,13711,7261,20972
2023-11-30,545044,14755,5630,20385
2023-12-31,545044,18983,6488,25471
2024-01-31,545044,18516,5186,23702
2024-02-29,545044,19495,5173,24668
2024-03-31,545044,19101,5531,24632
2024-04-30,545044,19708,5121,24829
2024-05-31,545044,20375,5549,25924
2023-05-31,545043,0,1,1
2023-06-30,545043,17188,2562,19750
2023-07-31,545043,13280,2326,15606
2023-08-31,545043,12398,2319,14717
2023-09-30,545043,11454,2236,13690
2023-10-31,545043,14613,3021,17634
2023-11-30,545043,13993,2974,16967
2023-12-31,545043,15003,3362,18365
2024-01-31,545043,15182,2707,17889
2024-02-29,545043,17087,3141,20228
2024-03-31,545043,18498,3354,21852
2024-04-30,545043,20007,3556,23563
2024-05-31,545043,16026,2984,19010
2023-05-31,545041,32,12,44
2023-06-30,545041,265758,228672,494430
2023-07-31,545041,238421,230990,469411
2023-08-31,545041,245446,237785,483231
2023-09-30,545041,210916,218933,429849
2023-10-31,545041,231532,243684,475216
2023-11-30,545041,244157,199331,443488
2023-12-31,545041,267822,221884,489706
2024-01-31,545041,242440,206886,449326
2024-02-29,545041,252321,229586,481907
2024-03-31,545041,249629,257950,507579
2024-04-30,545041,253031,239607,492638
2024-05-31,545041,252318,235156,487474
2023-05-31,545042,9,2,11
2023-06-30,545042,28246,4429,32675
2023-07-31,545042,21369,3717,25086
2023-08-31,545042,21214,3877,25091
2023-09-30,545042,18583,3648,22231
2023-10-31,545042,22766,4893,27659
2023-11-30,545042,21448,4539,25987
2023-12-31,545042,25178,5398,30576
2024-01-31,545042,23904,4483,28387
2024-02-29,545042,26431,4464,30895
2024-03-31,545042,25142,4019,29161
2024-04-30,545042,29208,5210,34418
2024-05-31,545042,25930,5759,31689
2023-05-31,545045,1,0,1
2023-06-30,545045,13057,1452,14509
2023-07-31,545045,9831,1488,11319
2023-08-31,545045,10938,2078,13016
2023-09-30,545045,8534,2785,11319
2023-10-31,545045,6945,1314,8259
2023-11-30,545045,7868,1051,8919
2023-12-31,545045,10079,1087,11166
2024-01-31,545045,11129,1027,12156
2024-02-29,545045,13427,1596,15023
2024-03-31,545045,12558,2018,14576
2024-04-30,545045,13138,2494,15632
2024-05-31,545045,14658,2582,17240
2023-05-31,545040,9,1,10
2023-06-30,545040,263069,40049,303118
2023-07-31,545040,253991,40251,294242
2023-08-31,545040,283699,43108,326807
2023-09-30,545040,217995,39367,257362
2023-10-31,545040,204077,43429,247506
2023-11-30,545040,220976,34100,255076
2023-12-31,545040,292467,38768,331235
2024-01-31,545040,271915,38199,310114
2024-02-29,545040,283290,42954,326244
2024-03-31,545040,270871,49371,320242
2024-04-30,545040,262230,43385,305615
2024-05-31,545040,293705,44282,337987
2023-05-31,545104,7,5,12
2023-06-30,545104,279681,137505,417186
2023-07-31,545104,259325,135062,394387
2023-08-31,545104,261282,131737,393019
2023-09-30,545104,243462,115287,358749
2023-10-31,545104,257190,144893,402083
2023-11-30,545104,245673,128682,374355
2023-12-31,545104,301940,151994,453934
2024-01-31,545104,287657,149228,436885
2024-02-29,545104,288344,147615,435959
2024-03-31,545104,279434,145729,425163
2024-04-30,545104,283129,161155,444284
2024-05-31,545104,295627,167271,462898
2023-05-31,545099,0,1,1
2023-06-30,545099,24585,12175,36760
2023-07-31,545099,19618,11520,31138
2023-08-31,545099,19690,11590,31280
2023-09-30,545099,18379,10587,28966
2023-10-31,545099,21921,12552,34473
2023-11-30,545099,19670,10236,29906
2023-12-31,545099,24507,12873,37380
2024-01-31,545099,20143,11435,31578
2024-02-29,545099,22533,12765,35298
2024-03-31,545099,23858,15826,39684
2024-04-30,545099,27598,14001,41599
2024-05-31,545099,24950,14671,39621
2023-06-30,545101,13674,3338,17012
2023-07-31,545101,10613,2908,13521
2023-08-31,545101,11643,2601,14244
2023-09-30,545101,9319,2472,11791
2023-10-31,545101,10412,3394,13806
2023-11-30,545101,9865,2705,12570
2023-12-31,545101,12252,3625,15877
2024-01-31,545101,11608,3229,14837
2024-02-29,545101,12857,3605,16462
2024-03-31,545101,12782,3876,16658
2024-04-30,545101,14755,3435,18190
2024-05-31,545101,12515,3532,16047
2023-05-31,545100,3,0,3
2023-06-30,545100,21908,4225,26133
2023-07-31,545100,17191,3692,20883
2023-08-31,545100,17713,2970,20683
2023-09-30,545100,15601,2652,18253
2023-10-31,545100,18120,3949,22069
2023-11-30,545100,18027,3815,21842
2023-12-31,545100,20366,4834,25200
2024-01-31,545100,19768,4233,24001
2024-02-29,545100,20988,4750,25738
2024-03-31,545100,21194,5049,26243
2024-04-30,545100,22704,4220,26924
2024-05-31,545100,20509,4055,24564
2023-06-30,545103,14647,144,14791
2023-07-31,545103,17033,137,17170
2023-08-31,545103,16093,159,16252
2023-09-30,545103,10120,78,10198
2023-10-31,545103,11903,149,12052
2023-11-30,545103,10770,123,10893
2023-12-31,545103,14500,268,14768
2024-01-31,545103,15263,337,15600
2024-02-29,545103,13746,204,13950
2024-03-31,545103,10514,307,10821
2024-04-30,545103,15757,352,16109
2024-05-31,545103,15958,444,16402
2023-05-31,545106,1,4,5
2023-06-30,545106,18836,36209,55045
2023-07-31,545106,16828,36683,53511
2023-08-31,545106,16863,36398,53261
2023-09-30,545106,15220,33165,48385
2023-10-31,545106,17414,40031,57445
2023-11-30,545106,17877,34492,52369
2023-12-31,545106,24354,44144,68498
2024-01-31,545106,22309,42088,64397
2024-02-29,545106,20356,43854,64210
2024-03-31,545106,19589,43681,63270
2024-04-30,545106,18829,40717,59546
2024-05-31,545106,21702,43931,65633
2023-05-31,545098,30,20,50
2023-06-30,545098,19296,11201,30497
2023-07-31,545098,15788,10617,26405
2023-08-31,545098,15793,10931,26724
2023-09-30,545098,15035,9833,24868
2023-10-31,545098,17104,11381,28485
2023-11-30,545098,15859,9863,25722
2023-12-31,545098,20123,11928,32051
2024-01-31,545098,16296,10863,27159
2024-02-29,545098,18826,12573,31399
2024-03-31,545098,19743,15437,35180
2024-04-30,545098,21313,13686,34999
2024-05-31,545098,19531,13754,33285
2023-05-31,560011,140,29,169
2023-06-30,560011,431394,67556,498950
2023-07-31,560011,426164,72287,498451
2023-08-31,560011,448321,76221,524542
2023-09-30,560011,391448,66317,457765
2023-10-31,560011,433886,69463,503349
2023-11-30,560011,412633,58589,471222
2023-12-31,560011,433381,63883,497264
2024-01-31,560011,446069,64221,510290
2024-02-29,560011,407466,69630,477096
2024-03-31,560011,432989,75881,508870
2024-04-30,560011,420174,67639,487813
2024-05-31,560011,502294,68167,570461
2023-05-31,560010,978,38,1016
2023-06-30,560010,79865,1798,81663
2023-07-31,560010,86343,2070,88413
2023-08-31,560010,91453,2262,93715
2023-09-30,560010,80509,2118,82627
2023-10-31,560010,79803,2218,82021
2023-11-30,560010,65251,1588,66839
2023-12-31,560010,59719,1302,61021
2024-01-31,560010,80232,1865,82097
2024-02-29,560010,73787,2126,75913
2024-03-31,560010,76065,2207,78272
2024-04-30,560010,73152,1728,74880
2024-05-31,560010,82115,2001,84116
2023-05-31,560014,11,11,22
2023-06-30,560014,374428,198156,572584
2023-07-31,560014,371015,207461,578476
2023-08-31,560014,371046,206220,577266
2023-09-30,560014,338480,191010,529490
2023-10-31,560014,368948,206639,575587
2023-11-30,560014,366609,187814,554423
2023-12-31,560014,347223,196731,543954
2024-01-31,560014,392784,200469,593253
2024-02-29,560014,406256,225938,632194
2024-03-31,560014,410828,242918,653746
2024-04-30,560014,394869,215757,610626
2024-05-31,560014,428931,231050,659981
2023-05-31,560013,24,9,33
2023-06-30,560013,353516,103905,457421
2023-07-31,560013,356311,108768,465079
2023-08-31,560013,355650,110235,465885
2023-09-30,560013,327441,98261,425702
2023-10-31,560013,368960,105922,474882
2023-11-30,560013,350903,93966,444869
2023-12-31,560013,367062,96108,463170
2024-01-31,560013,375413,98027,473440
2024-02-29,560013,330842,105120,435962
2024-03-31,560013,356361,113064,469425
2024-04-30,560013,348932,99171,448103
2024-05-31,560013,419750,106367,526117
2023-05-31,560012,3296,610,3906
2023-06-30,560012,440305,77358,517663
2023-07-31,560012,441328,82760,524088
2023-08-31,560012,446811,88463,535274
2023-09-30,560012,411470,78291,489761
2023-10-31,560012,461361,79734,541095
2023-11-30,560012,436973,69189,506162
2023-12-31,560012,454153,75209,529362
2024-01-31,560012,462458,75300,537758
2024-02-29,560012,425630,82704,508334
2024-03-31,560012,454474,87532,542006
2024-04-30,560012,439942,75101,515043
2024-05-31,560012,524207,78196,602403
2023-05-31,560007,4786,138,4924
2023-06-30,560007,257991,5228,263219
2023-07-31,560007,265336,5726,271062
2023-08-31,560007,275349,7118,282467
2023-09-30,560007,247657,6336,253993
2023-10-31,560007,279656,6876,286532
2023-11-30,560007,242298,5070,247368
2023-12-31,560007,204883,3765,208648
2024-01-31,560007,295863,5359,301222
2024-02-29,560007,270609,6190,276799
2024-03-31,560007,271593,6726,278319
2024-04-30,560007,255906,5549,261455
2024-05-31,560007,279089,6082,285171
2023-05-31,560006,40,2,42
2023-06-30,560006,536831,16855,553686
2023-07-31,560006,552308,18545,570853
2023-08-31,560006,552928,19369,572297
2023-09-30,560006,478089,17116,495205
2023-10-31,560006,289025,10923,299948
2023-05-31,550021,13,3,16
2023-06-30,550021,238882,80670,319552
2023-07-31,550021,218363,72315,290678
2023-08-31,550021,239072,80022,319094
2023-09-30,550021,217269,66987,284256
2023-10-31,550021,250656,78604,329260
2023-11-30,550021,233647,75972,309619
2023-12-31,550021,259511,90288,349799
2024-01-31,550021,246371,82204,328575
2024-02-29,550021,252065,76807,328872
2024-03-31,550021,250550,80235,330785
2024-04-30,550021,249936,73033,322969
2024-05-31,550021,257555,71619,329174
2023-05-31,550022,9,4,13
2023-06-30,550022,152481,57519,210000
2023-07-31,550022,139548,53119,192667
2023-08-31,550022,152379,68680,221059
2023-09-30,550022,139694,58519,198213
2023-10-31,550022,160398,75779,236177
2023-11-30,550022,155029,88367,243396
2023-12-31,550022,171490,89231,260721
2024-01-31,550022,161506,78265,239771
2024-02-29,550022,164897,83151,248048
2024-03-31,550022,170783,94712,265495
2024-04-30,550022,167516,93711,261227
2024-05-31,550022,172264,82254,254518
2023-05-31,552001,6,3,9
2023-06-30,552001,200150,117409,317559
2023-07-31,552001,180754,121295,302049
2023-08-31,552001,199750,128529,328279
2023-09-30,552001,174998,119047,294045
2023-10-31,552001,206769,133217,339986
2023-11-30,552001,182582,119611,302193
2023-12-31,552001,201000,128051,329051
2024-01-31,552001,225298,122819,348117
2024-02-29,552001,193327,133187,326514
2024-03-31,552001,215081,140602,355683
2024-04-30,552001,204891,126188,331079
2024-05-31,552001,241532,124582,366114
2023-05-31,550023,4,1,5
2023-06-30,550023,233932,93823,327755
2023-07-31,550023,210099,95721,305820
2023-08-31,550023,236672,99781,336453
2023-09-30,550023,203512,90830,294342
2023-10-31,550023,235434,105141,340575
2023-11-30,550023,209874,94635,304509
2023-12-31,550023,230288,99686,329974
2024-01-31,550023,246053,95698,341751
2024-02-29,550023,215697,102675,318372
2024-03-31,550023,234217,107254,341471
2024-04-30,550023,234021,98482,332503
2024-05-31,550023,270561,103958,374519
2023-05-31,550020,8,3,11
2023-06-30,550020,377394,80997,458391
2023-07-31,550020,340179,74296,414475
2023-08-31,550020,381803,81807,463610
2023-09-30,550020,345561,68897,414458
2023-10-31,550020,394080,81364,475444
2023-11-30,550020,376987,77862,454849
2023-12-31,550020,418112,90588,508700
2024-01-31,550020,394393,83639,478032
2024-02-29,550020,403303,77262,480565
2024-03-31,550020,406178,81142,487320
2024-04-30,550020,404839,75344,480183
2024-05-31,550020,423828,76063,499891
2023-05-31,550024,1,0,1
2023-06-30,550024,23758,2946,26704
2023-07-31,550024,19521,2807,22328
2023-08-31,550024,21855,7670,29525
2023-09-30,550024,19801,4926,24727
2023-10-31,550024,23637,5717,29354
2023-11-30,550024,22738,4446,27184
2023-12-31,550024,23014,3311,26325
2024-01-31,550024,22450,4263,26713
2024-02-29,550024,22731,4504,27235
2024-03-31,550024,23446,3417,26863
2024-04-30,550024,25688,3539,29227
2024-05-31,550024,23844,3175,27019
2023-05-31,552002,6,0,6
2023-06-30,552002,113471,88894,202365
2023-07-31,552002,100791,91869,192660
2023-08-31,552002,111057,97660,208717
2023-09-30,552002,98142,90751,188893
2023-10-31,552002,109754,100587,210341
2023-11-30,552002,98803,87411,186214
2023-12-31,552002,108567,91105,199672
2024-01-31,552002,120062,90604,210666
2024-02-29,552002,100709,99678,200387
2024-03-31,552002,113189,104681,217870
2024-04-30,552002,109534,94237,203771
2024-05-31,552002,133695,95938,229633
2023-05-31,545017,4,0,4
2023-06-30,545017,33142,2776,35918
2023-07-31,545017,30002,2708,32710
2023-08-31,545017,27729,2665,30394
2023-09-30,545017,26861,2815,29676
2023-10-31,545017,29054,3844,32898
2023-11-30,545017,31017,3590,34607
2023-12-31,545017,37833,4059,41892
2024-01-31,545017,36821,3234,40055
2024-02-29,545017,37157,3516,40673
2024-03-31,545017,39619,3865,43484
2024-04-30,545017,41249,3713,44962
2024-05-31,545017,38881,3995,42876
2023-06-30,570033,22101,4442,26543
2023-07-31,570033,21964,3019,24983
2023-08-31,570033,21860,3807,25667
2023-09-30,570033,19134,2950,22084
2023-10-31,570033,21840,4667,26507
2023-11-30,570033,23414,5860,29274
2023-12-31,570033,28283,8761,37044
2024-01-31,570033,25154,7063,32217
2024-02-29,570033,26927,7058,33985
2024-03-31,570033,23137,7902,31039
2024-04-30,570033,27212,4772,31984
2024-05-31,570033,27217,5807,33024
2023-05-31,570035,4,3,7
2023-06-30,570035,65347,19364,84711
2023-07-31,570035,62384,21433,83817
2023-08-31,570035,66087,25184,91271
2023-09-30,570035,53773,24085,77858
2023-10-31,570035,51847,28397,80244
2023-11-30,570035,54447,23364,77811
2023-12-31,570035,72404,26043,98447
2024-01-31,570035,66963,26491,93454
2024-02-29,570035,66777,30212,96989
2024-03-31,570035,68613,38099,106712
2024-04-30,570035,72111,33651,105762
2024-05-31,570035,74464,34398,108862
2023-05-31,570029,1,1,2
2023-06-30,570029,69452,17175,86627
2023-07-31,570029,62383,17445,79828
2023-08-31,570029,66175,18747,84922
2023-09-30,570029,58687,16954,75641
2023-10-31,570029,66452,21207,87659
2023-11-30,570029,68365,19169,87534
2023-12-31,570029,71751,22165,93916
2024-01-31,570029,65680,19254,84934
2024-02-29,570029,70578,20427,91005
2024-03-31,570029,71960,23570,95530
2024-04-30,570029,66505,21784,88289
2024-05-31,570029,73169,22412,95581
2023-05-31,560016,12,13,25
2023-06-30,560016,270248,207426,477674
2023-07-31,560016,280561,220311,500872
2023-08-31,560016,285821,222467,508288
2023-09-30,560016,253090,199721,452811
2023-10-31,560016,269800,211148,480948
2023-11-30,560016,252919,186736,439655
2023-12-31,560016,246973,193852,440825
2024-01-31,560016,268395,194110,462505
2024-02-29,560016,274192,214123,488315
2024-03-31,560016,274747,227767,502514
2024-04-30,560016,253526,196587,450113
2024-05-31,560016,282295,211355,493650
2023-05-31,545107,0,1,1
2023-06-30,545107,76637,119712,196349
2023-07-31,545107,72997,105268,178265
2023-08-31,545107,75589,97079,172668
2023-09-30,545107,73232,87185,160417
2023-10-31,545107,79882,117761,197643
2023-11-30,545107,78671,101131,179802
2023-12-31,545107,95401,126972,222373
2024-01-31,545107,90691,133982,224673
2024-02-29,545107,89961,130217,220178
2024-03-31,545107,98523,145405,243928
2024-04-30,545107,93521,149703,243224
2024-05-31,545107,97176,137595,234771
2023-05-31,545018,3,0,3
2023-06-30,545018,43634,5587,49221
2023-07-31,545018,38664,5178,43842
2023-08-31,545018,39206,5196,44402
2023-09-30,545018,34670,4745,39415
2023-10-31,545018,36423,6045,42468
2023-11-30,545018,40860,5924,46784
2023-12-31,545018,40527,7043,47570
2024-01-31,545018,40421,7757,48178
2024-02-29,545018,39739,8098,47837
2024-03-31,545018,40417,7310,47727
2024-04-30,545018,45172,6373,51545
2024-05-31,545018,44314,6541,50855
2023-05-31,552004,26,41,67
2023-06-30,552004,210417,274252,484669
2023-07-31,552004,189335,258212,447547
2023-08-31,552004,220040,276206,496246
2023-09-30,552004,210775,248665,459440
2023-10-31,552004,397543,286276,683819
2023-11-30,552004,274291,270226,544517
2023-12-31,552004,265992,276526,542518
2024-01-31,552004,273066,247480,520546
2024-02-29,552004,229400,270904,500304
2024-03-31,552004,238756,282578,521334
2024-04-30,552004,203209,225829,429038
2024-05-31,552004,251294,260289,511583
2023-05-31,545010,7,1,8
2023-06-30,545010,29828,6770,36598
2023-07-31,545010,30572,4686,35258
2023-08-31,545010,32747,5396,38143
2023-09-30,545010,24096,3719,27815
2023-10-31,545010,24522,4173,28695
2023-11-30,545010,26623,4456,31079
2023-12-31,545010,33513,6253,39766
2024-01-31,545010,31296,7038,38334
2024-02-29,545010,32062,10825,42887
2024-03-31,545010,28082,9610,37692
2024-04-30,545010,29397,8889,38286
2024-05-31,545010,28849,12168,41017
2023-05-31,545016,1,0,1
2023-06-30,545016,11935,980,12915
2023-07-31,545016,9089,829,9918
2023-08-31,545016,9339,818,10157
2023-09-30,545016,9306,879,10185
2023-10-31,545016,10675,1193,11868
2023-11-30,545016,10687,1154,11841
2023-12-31,545016,12869,1203,14072
2024-01-31,545016,12387,857,13244
2024-02-29,545016,12323,892,13215
2024-03-31,545016,12968,986,13954
2024-04-30,545016,13062,1006,14068
2024-05-31,545016,13100,1111,14211
2023-06-30,545011,9139,2372,11511
2023-07-31,545011,6474,1926,8400
2023-08-31,545011,5849,1766,7615
2023-09-30,545011,4911,1442,6353
2023-10-31,545011,5764,2242,8006
2023-11-30,545011,5432,1611,7043
2023-12-31,545011,6200,1857,8057
2024-01-31,545011,6266,1854,8120
2024-02-29,545011,7038,1917,8955
2024-03-31,545011,7681,2013,9694
2024-04-30,545011,11308,1929,13237
2024-05-31,545011,8837,2062,10899
2023-05-31,545012,1,1,2
2023-06-30,545012,20396,3978,24374
2023-07-31,545012,15290,2983,18273
2023-08-31,545012,15855,3122,18977
2023-09-30,545012,13979,2894,16873
2023-10-31,545012,16385,4427,20812
2023-11-30,545012,15790,3967,19757
2023-12-31,545012,17734,4131,21865
2024-01-31,545012,17047,3360,20407
2024-02-29,545012,18768,3529,22297
2024-03-31,545012,23206,4884,28090
2024-04-30,545012,21490,5300,26790
2024-05-31,545012,17418,4477,21895
2023-06-30,545014,12560,8444,21004
2023-07-31,545014,10871,2489,13360
2023-08-31,545014,10192,2612,12804
2023-09-30,545014,8680,2798,11478
2023-10-31,545014,9487,3248,12735
2023-11-30,545014,9419,3695,13114
2023-12-31,545014,10467,4968,15435
2024-01-31,545014,10409,5008,15417
2024-02-29,545014,11465,5680,17145
2024-03-31,545014,15038,7164,22202
2024-04-30,545014,16617,6137,22754
2024-05-31,545014,11682,8066,19748
2023-05-31,545013,1,1,2
2023-06-30,545013,14891,8922,23813
2023-07-31,545013,11503,6996,18499
2023-08-31,545013,10459,8376,18835
2023-09-30,545013,8900,7553,16453
2023-10-31,545013,10603,8828,19431
2023-11-30,545013,10785,7480,18265
2023-12-31,545013,11834,9213,21047
2024-01-31,545013,9659,10001,19660
2024-02-29,545013,11659,10535,22194
2024-03-31,545013,12487,11552,24039
2024-04-30,545013,13463,9446,22909
2024-05-31,545013,11053,11316,22369
2023-05-31,545015,0,1,1
2023-06-30,545015,13069,3219,16288
2023-07-31,545015,12410,867,13277
2023-08-31,545015,11972,796,12768
2023-09-30,545015,9653,1048,10701
2023-10-31,545015,9646,1527,11173
2023-11-30,545015,9176,1557,10733
2023-12-31,545015,11054,2063,13117
2024-01-31,545015,11377,1787,13164
2024-02-29,545015,12571,3043,15614
2024-03-31,545015,15147,3834,18981
2024-04-30,545015,15985,3287,19272
2024-05-31,545015,11753,2807,14560
2023-05-31,520039,1,0,1
2023-06-30,520039,124246,56778,181024
2023-07-31,520039,106748,42414,149162
2023-08-31,520039,106248,38356,144604
2023-09-30,520039,89188,33046,122234
2023-10-31,520039,106482,38643,145125
2023-11-30,520039,124056,36203,160259
2023-12-31,520039,133954,42185,176139
2024-01-31,520039,116430,39732,156162
2024-02-29,520039,134737,45833,180570
2024-03-31,520039,125927,51333,177260
2024-04-30,520039,138043,46811,184854
2024-05-31,520039,124174,42857,167031
2023-05-31,536003,14,40,54
2023-06-30,536003,27747,56233,83980
2023-07-31,536003,26313,58229,84542
2023-08-31,536003,26795,61327,88122
2023-09-30,536003,25692,55287,80979
2023-10-31,536003,28549,66129,94678
2023-11-30,536003,28336,58165,86501
2023-12-31,536003,29490,63797,93287
2024-01-31,536003,27681,57447,85128
2024-02-29,536003,28422,65847,94269
2024-03-31,536003,28905,66870,95775
2024-04-30,536003,28113,62817,90930
2024-05-31,536003,29911,62074,91985
2023-05-31,520038,1,1,2
2023-06-30,520038,102355,65214,167569
2023-07-31,520038,95395,73677,169072
2023-08-31,520038,99557,78263,177820
2023-09-30,520038,93590,66198,159788
2023-10-31,520038,111315,81459,192774
2023-11-30,520038,128088,73962,202050
2023-12-31,520038,131856,88223,220079
2024-01-31,520038,111139,76076,187215
2024-02-29,520038,140565,79035,219600
2024-03-31,520038,139422,84314,223736
2024-04-30,520038,139347,78619,217966
2024-05-31,520038,126779,85945,212724
2023-06-30,520037,82406,21754,104160
2023-07-31,520037,73332,16128,89460
2023-08-31,520037,73020,18644,91664
2023-09-30,520037,58680,20599,79279
2023-10-31,520037,77971,16524,94495
2023-11-30,520037,82810,19719,102529
2023-12-31,520037,84064,18605,102669
2024-01-31,520037,68244,15767,84011
2024-02-29,520037,82320,18454,100774
2024-03-31,520037,80945,18234,99179
2024-04-30,520037,98372,12070,110442
2024-05-31,520037,85159,14679,99838
2023-05-31,540003,371,19,390
2023-06-30,540003,1438281,380482,1818763
2023-07-31,540003,1311147,387693,1698840
2023-08-31,540003,1408369,410629,1818998
2023-09-30,540003,1293116,368393,1661509
2023-10-31,540003,1347567,427228,1774795
2023-11-30,540003,1565620,378683,1944303
2023-12-31,540003,1710742,428008,2138750
2024-01-31,540003,1496213,392778,1888991
2024-02-29,540003,1403496,416382,1819878
2024-03-31,540003,1465042,429826,1894868
2024-04-30,540003,1439179,388707,1827886
2024-05-31,540003,1653664,395722,2049386
2023-05-31,540002,3,1,4
2023-06-30,540002,204948,45917,250865
2023-07-31,540002,181814,41320,223134
2023-08-31,540002,220527,44832,265359
2023-09-30,540002,186693,40801,227494
2023-10-31,540002,216158,46997,263155
2023-11-30,540002,222889,42514,265403
2023-12-31,540002,260884,48632,309516
2024-01-31,540002,223398,47046,270444
2024-02-29,540002,215666,47878,263544
2024-03-31,540002,227485,49924,277409
2024-04-30,540002,216838,45487,262325
2024-05-31,540002,231458,47372,278830
2023-05-31,540001,102,0,102
2023-06-30,540001,1355394,788,1356182
2023-07-31,540001,1329466,739,1330205
2023-08-31,540001,1456104,833,1456937
2023-09-30,540001,1287293,776,1288069
2023-10-31,540001,1455504,831,1456335
2023-11-30,540001,1390027,863,1390890
2023-12-31,540001,1449840,1015,1450855
2024-01-31,540001,1437871,941,1438812
2024-02-29,540001,1400751,1203,1401954
2024-03-31,540001,1376890,882,1377772
2024-04-30,540001,1376001,778,1376779
2024-05-31,540001,1405824,727,1406551
2023-05-31,540004,2,9,11
2023-06-30,540004,87409,99401,186810
2023-07-31,540004,101376,102900,204276
2023-08-31,540004,82588,108427,191015
2023-09-30,540004,58776,94865,153641
2023-10-31,540004,77052,106087,183139
2023-11-30,540004,87506,99184,186690
2023-12-31,540004,103447,110758,214205
2024-01-31,540004,86891,96868,183759
2024-02-29,540004,74098,108369,182467
2024-03-31,540004,77870,109529,187399
2024-04-30,540004,75512,101781,177293
2024-05-31,540004,95461,106408,201869
2023-05-31,536034,18,26,44
2023-06-30,536034,59759,115189,174948
2023-07-31,536034,91315,123013,214328
2023-08-31,536034,95717,130072,225789
2023-09-30,536034,76554,118486,195040
2023-10-31,536034,87797,138461,226258
2023-11-30,536034,104442,115280,219722
2023-12-31,536034,117714,141284,258998
2024-01-31,536034,110742,132547,243289
2024-02-29,536034,121730,146960,268690
2024-03-31,536034,115101,151726,266827
2024-04-30,536034,118720,143040,261760
2024-05-31,536034,117038,148357,265395
2023-05-31,536015,15,17,32
2023-06-30,536015,77842,158737,236579
2023-07-31,536015,73448,154220,227668
2023-08-31,536015,79579,162886,242465
2023-09-30,536015,80170,139815,219985
2023-10-31,536015,86945,168236,255181
2023-11-30,536015,93092,153298,246390
2023-12-31,536015,95575,185924,281499
2024-01-31,536015,89211,183555,272766
2024-02-29,536015,91953,189334,281287
2024-03-31,536015,90720,192642,283362
2024-04-30,536015,83663,174781,258444
2024-05-31,536015,94258,184427,278685
2023-05-31,536020,18,16,34
2023-06-30,536020,51445,109892,161337
2023-07-31,536020,47632,108671,156303
2023-08-31,536020,49205,113922,163127
2023-09-30,536020,47024,103884,150908
2023-10-31,536020,54615,118510,173125
2023-11-30,536020,54132,100533,154665
2023-12-31,536020,59853,126059,185912
2024-01-31,536020,62577,136831,199408
2024-02-29,536020,68493,147607,216100
2024-03-31,536020,65252,149410,214662
2024-04-30,536020,67904,136432,204336
2024-05-31,536020,69015,138230,207245
2023-05-31,536014,0,2,2
2023-06-30,536014,31964,114797,146761
2023-07-31,536014,33968,120236,154204
2023-08-31,536014,38401,125829,164230
2023-09-30,536014,35868,103525,139393
2023-10-31,536014,41141,105398,146539
2023-11-30,536014,41541,103437,144978
2023-12-31,536014,43998,124745,168743
2024-01-31,536014,43039,121063,164102
2024-02-29,536014,46936,114341,161277
2024-03-31,536014,47176,115042,162218
2024-04-30,536014,37830,114048,151878
2024-05-31,536014,41776,129569,171345
2023-05-31,520021,38,48,86
2023-06-30,520021,12207,5544,17751
2023-07-31,520021,10197,4106,14303
2023-08-31,520021,9496,6157,15653
2023-09-30,520021,8269,5627,13896
2023-10-31,520021,10555,5738,16293
2023-11-30,520021,13667,7152,20819
2023-12-31,520021,15331,10111,25442
2024-01-31,520021,11893,13803,25696
2024-02-29,520021,13958,11473,25431
2024-03-31,520021,13882,11232,25114
2024-04-30,520021,13637,12090,25727
2024-05-31,520021,12529,13468,25997
2023-05-31,520020,56,46,102
2023-06-30,520020,14476,3850,18326
2023-07-31,520020,13168,4464,17632
2023-08-31,520020,11147,5794,16941
2023-09-30,520020,9793,4768,14561
2023-10-31,520020,11673,5321,16994
2023-11-30,520020,15321,5746,21067
2023-12-31,520020,16483,6572,23055
2024-01-31,520020,12210,8252,20462
2024-02-29,520020,14138,8170,22308
2024-03-31,520020,14450,9616,24066
2024-04-30,520020,14317,9797,24114
2024-05-31,520020,14276,10101,24377
2023-05-31,520019,66,30,96
2023-06-30,520019,22945,3796,26741
2023-07-31,520019,20392,4746,25138
2023-08-31,520019,18737,5040,23777
2023-09-30,520019,16632,2781,19413
2023-10-31,520019,20092,3457,23549
2023-11-30,520019,24769,4272,29041
2023-12-31,520019,25998,4517,30515
2024-01-31,520019,23200,9630,32830
2024-02-29,520019,23993,4931,28924
2024-03-31,520019,24587,5323,29910
2024-04-30,520019,24636,6108,30744
2024-05-31,520019,23451,5275,28726
2023-05-31,520016,18,5,23
2023-06-30,520016,8424,628,9052
2023-07-31,520016,7972,1166,9138
2023-08-31,520016,7617,1298,8915
2023-09-30,520016,6600,681,7281
2023-10-31,520016,7692,1007,8699
2023-11-30,520016,10118,1197,11315
2023-12-31,520016,10566,1439,12005
2024-01-31,520016,11627,3132,14759
2024-02-29,520016,10856,1205,12061
2024-03-31,520016,10725,1255,11980
2024-04-30,520016,11098,1441,12539
2024-05-31,520016,10721,1169,11890
2023-05-31,540051,84,8,92
2023-06-30,540051,43733,3333,47066
2023-07-31,540051,35791,2932,38723
2023-08-31,540051,40067,3139,43206
2023-09-30,540051,33056,3094,36150
2023-10-31,540051,35112,3802,38914
2023-11-30,540051,47682,3447,51129
2023-12-31,540051,58851,2806,61657
2024-01-31,540051,51888,2652,54540
2024-02-29,540051,41776,3896,45672
2024-03-31,540051,45723,4186,49909
2024-04-30,540051,43762,3907,47669
2024-05-31,540051,56129,4051,60180
2023-05-31,540050,80,10,90
2023-06-30,540050,20498,7248,27746
2023-07-31,540050,16872,6764,23636
2023-08-31,540050,18874,9440,28314
2023-09-30,540050,15638,10905,26543
2023-10-31,540050,17130,14683,31813
2023-11-30,540050,20467,14172,34639
2023-12-31,540050,21186,12588,33774
2024-01-31,540050,20507,11979,32486
2024-02-29,540050,20296,14877,35173
2024-03-31,540050,19716,16971,36687
2024-04-30,540050,20898,18439,39337
2024-05-31,540050,23654,21366,45020
2023-05-31,540047,72,2,74
2023-06-30,540047,27665,2265,29930
2023-07-31,540047,23228,2143,25371
2023-08-31,540047,26336,2528,28864
2023-09-30,540047,23316,2257,25573
2023-10-31,540047,25341,2738,28079
2023-11-30,540047,38953,3146,42099
2023-12-31,540047,37947,3396,41343
2024-01-31,540047,32836,2898,35734
2024-02-29,540047,31299,3196,34495
2024-03-31,540047,30661,3519,34180
2024-04-30,540047,32520,3377,35897
2024-05-31,540047,37280,3391,40671
2023-05-31,545009,0,2,2
2023-06-30,545009,13036,2337,15373
2023-07-31,545009,12038,1842,13880
2023-08-31,545009,12785,1962,14747
2023-09-30,545009,12145,2105,14250
2023-10-31,545009,12211,3419,15630
2023-11-30,545009,11829,3149,14978
2023-12-31,545009,13475,3598,17073
2024-01-31,545009,12866,3848,16714
2024-02-29,545009,12454,4014,16468
2024-03-31,545009,11332,3819,15151
2024-04-30,545009,12051,3711,15762
2024-05-31,545009,12465,3674,16139
2023-05-31,540016,7,11,18
2023-06-30,540016,90638,107113,197751
2023-07-31,540016,90534,104517,195051
2023-08-31,540016,90841,106956,197797
2023-09-30,540016,81762,95868,177630
2023-10-31,540016,90820,108745,199565
2023-11-30,540016,92928,96455,189383
2023-12-31,540016,93884,97535,191419
2024-01-31,540016,80705,94259,174964
2024-02-29,540016,84191,105564,189755
2024-03-31,540016,93619,111573,205192
2024-04-30,540016,93599,104349,197948
2024-05-31,540016,98425,108711,207136
2023-05-31,540018,6,0,6
2023-06-30,540018,124689,11020,135709
2023-07-31,540018,108255,9400,117655
2023-08-31,540018,105726,9731,115457
2023-09-30,540018,94821,8400,103221
2023-10-31,540018,107196,11194,118390
2023-11-30,540018,114923,8571,123494
2023-12-31,540018,123470,9328,132798
2024-01-31,540018,128285,9637,137922
2024-02-29,540018,118108,10673,128781
2024-03-31,540018,100175,11768,111943
2024-04-30,540018,101473,10995,112468
2024-05-31,540018,113190,12514,125704
2023-05-31,392012,8,6,14
2023-06-30,392012,169742,46491,216233
2023-07-31,392012,147177,48219,195396
2023-08-31,392012,141376,51359,192735
2023-09-30,392012,127034,43025,170059
2023-10-31,392012,145202,40782,185984
2023-11-30,392012,150433,42945,193378
2023-12-31,392012,172834,52860,225694
2024-01-31,392012,151009,51578,202587
2024-02-29,392012,147116,67772,214888
2024-03-31,392012,156924,66943,223867
2024-04-30,392012,157564,56985,214549
2024-05-31,392012,150259,58889,209148
2023-05-31,540032,3,2,5
2023-06-30,540032,92520,139743,232263
2023-07-31,540032,85433,138837,224270
2023-08-31,540032,87543,135667,223210
2023-09-30,540032,79629,115744,195373
2023-10-31,540032,96511,128218,224729
2023-11-30,540032,110729,115322,226051
2023-12-31,540032,114804,129941,244745
2024-01-31,540032,102879,125773,228652
2024-02-29,540032,99047,130675,229722
2024-03-31,540032,97199,140257,237456
2024-04-30,540032,107112,123406,230518
2024-05-31,540032,115426,136294,251720
2023-05-31,540033,36,17,53
2023-06-30,540033,31771,32172,63943
2023-07-31,540033,26712,32693,59405
2023-08-31,540033,30634,34320,64954
2023-09-30,540033,26717,31421,58138
2023-10-31,540033,29129,37405,66534
2023-11-30,540033,46188,31270,77458
2023-12-31,540033,46113,35419,81532
2024-01-31,540033,38041,35594,73635
2024-02-29,540033,38410,40448,78858
2024-03-31,540033,37996,43614,81610
2024-04-30,540033,43187,37690,80877
2024-05-31,540033,42812,39403,82215
2023-05-31,536026,1,9,10
2023-06-30,536026,71317,179445,250762
2023-07-31,536026,73962,194844,268806
2023-08-31,536026,76378,202640,279018
2023-09-30,536026,68922,178847,247769
2023-10-31,536026,78692,212494,291186
2023-11-30,536026,67939,180948,248887
2023-12-31,536026,87631,227091,314722
2024-01-31,536026,89440,223702,313142
2024-02-29,536026,91556,238502,330058
2024-03-31,536026,89791,234721,324512
2024-04-30,536026,85569,217024,302593
2024-05-31,536026,93644,234717,328361
2023-05-31,536021,14,12,26
2023-06-30,536021,44860,111340,156200
2023-07-31,536021,41470,112216,153686
2023-08-31,536021,43342,117296,160638
2023-09-30,536021,41494,107871,149365
2023-10-31,536021,47881,125997,173878
2023-11-30,536021,48525,106094,154619
2023-12-31,536021,51756,130939,182695
2024-01-31,536021,40771,111493,152264
2024-02-29,536021,44188,118948,163136
2024-03-31,536021,42181,122161,164342
2024-04-30,536021,44761,111439,156200
2024-05-31,536021,44804,114239,159043
2023-06-30,536022,7152,84274,91426
2023-07-31,536022,5344,82916,88260
2023-08-31,536022,5953,85473,91426
2023-09-30,536022,6479,75101,81580
2023-10-31,536022,6487,86997,93484
2023-11-30,536022,6643,73649,80292
2023-12-31,536022,5998,88065,94063
2024-01-31,536022,4872,83374,88246
2024-02-29,536022,6480,87785,94265
2024-03-31,536022,5484,90339,95823
2024-04-30,536022,5205,77358,82563
2024-05-31,536022,6046,86866,92912
2023-05-31,536024,0,9,9
2023-06-30,536024,9367,99938,109305
2023-07-31,536024,9431,113177,122608
2023-08-31,536024,9370,116128,125498
2023-09-30,536024,8632,97816,106448
2023-10-31,536024,9623,119825,129448
2023-11-30,536024,10719,100743,111462
2023-12-31,536024,10437,122220,132657
2024-01-31,536024,9594,114683,124277
2024-02-29,536024,10117,124453,134570
2024-03-31,536024,9770,123132,132902
2024-04-30,536024,10397,121140,131537
2024-05-31,536024,10527,131832,142359
2023-05-31,536027,0,4,4
2023-06-30,536027,42450,87509,129959
2023-07-31,536027,50455,90789,141244
2023-08-31,536027,49628,94452,144080
2023-09-30,536027,43092,81081,124173
2023-10-31,536027,53164,99972,153136
2023-11-30,536027,44732,79570,124302
2023-12-31,536027,56512,103759,160271
2024-01-31,536027,55360,102428,157788
2024-02-29,536027,70352,108713,179065
2024-03-31,536027,57779,110015,167794
2024-04-30,536027,59751,98895,158646
2024-05-31,536027,60313,108749,169062
2023-05-31,536025,2,6,8
2023-06-30,536025,3021,66217,69238
2023-07-31,536025,2597,77577,80174
2023-08-31,536025,2446,76474,78920
2023-09-30,536025,2686,66851,69537
2023-10-31,536025,3153,85244,88397
2023-11-30,536025,3875,69349,73224
2023-12-31,536025,3919,84571,88490
2024-01-31,536025,3487,79565,83052
2024-02-29,536025,3828,84133,87961
2024-03-31,536025,3584,75497,79081
2024-04-30,536025,3968,70827,74795
2024-05-31,536025,4198,78416,82614
2023-05-31,536023,0,2,2
2023-06-30,536023,124063,220729,344792
2023-07-31,536023,132495,235295,367790
2023-08-31,536023,148297,241308,389605
2023-09-30,536023,130362,214484,344846
2023-10-31,536023,146929,252348,399277
2023-11-30,536023,152713,215280,367993
2023-12-31,536023,187192,265739,452931
2024-01-31,536023,181802,257346,439148
2024-02-29,536023,181760,267484,449244
2024-03-31,536023,169330,267488,436818
2024-04-30,536023,161466,254141,415607
2024-05-31,536023,168826,274011,442837
2023-05-31,536007,122,254,376
2023-06-30,536007,79995,190110,270105
2023-07-31,536007,75275,198453,273728
2023-08-31,536007,83404,203762,287166
2023-09-30,536007,81807,170204,252011
2023-10-31,536007,88600,206916,295516
2023-11-30,536007,102917,183473,286390
2023-12-31,536007,99327,229228,328555
2024-01-31,536007,96000,232062,328062
2024-02-29,536007,102784,236328,339112
2024-03-31,536007,106076,234508,340584
2024-04-30,536007,165591,214712,380303
2024-05-31,536007,191939,228652,420591
2023-05-31,536009,0,9,9
2023-06-30,536009,25802,115665,141467
2023-07-31,536009,27165,134658,161823
2023-08-31,536009,27702,138675,166377
2023-09-30,536009,24648,120768,145416
2023-10-31,536009,27662,141891,169553
2023-11-30,536009,27261,115478,142739
2023-12-31,536009,30672,147216,177888
2024-01-31,536009,29827,142140,171967
2024-02-29,536009,29828,149313,179141
2024-03-31,536009,30234,152059,182293
2024-04-30,536009,28485,137234,165719
2024-05-31,536009,31305,146403,177708
2023-05-31,536006,6,12,18
2023-06-30,536006,89140,212807,301947
2023-07-31,536006,76791,222293,299084
2023-08-31,536006,77074,234199,311273
2023-09-30,536006,77629,193444,271073
2023-10-31,536006,76123,238641,314764
2023-11-30,536006,73629,205601,279230
2023-12-31,536006,83316,260925,344241
2024-01-31,536006,77939,249034,326973
2024-02-29,536006,79918,258701,338619
2024-03-31,536006,91467,261965,353432
2024-04-30,536006,94230,231320,325550
2024-05-31,536006,110947,250618,361565
2023-05-31,536008,64,82,146
2023-06-30,536008,92828,144782,237610
2023-07-31,536008,98415,160557,258972
2023-08-31,536008,97959,167567,265526
2023-09-30,536008,87629,148648,236277
2023-10-31,536008,98291,172655,270946
2023-11-30,536008,91041,141988,233029
2023-12-31,536008,103187,173940,277127
2024-01-31,536008,103144,174326,277470
2024-02-29,536008,105437,183268,288705
2024-03-31,536008,105568,185835,291403
2024-04-30,536008,104611,174666,279277
2024-05-31,536008,111252,185358,296610
2023-05-31,536005,56,277,333
2023-06-30,536005,26679,137037,163716
2023-07-31,536005,25626,136619,162245
2023-08-31,536005,26496,141585,168081
2023-09-30,536005,25734,126748,152482
2023-10-31,536005,28503,147912,176415
2023-11-30,536005,27903,127126,155029
2023-12-31,536005,28710,144951,173661
2024-01-31,536005,26695,134480,161175
2024-02-29,536005,27694,145962,173656
2024-03-31,536005,27530,149412,176942
2024-04-30,536005,26709,134823,161532
2024-05-31,536005,28626,142720,171346
2023-05-31,536011,6,26,32
2023-06-30,536011,19704,117464,137168
2023-07-31,536011,20782,137062,157844
2023-08-31,536011,22390,158433,180823
2023-09-30,536011,19602,141393,160995
2023-10-31,536011,22769,175044,197813
2023-11-30,536011,22394,138337,160731
2023-12-31,536011,24988,168297,193285
2024-01-31,536011,23125,160068,183193
2024-02-29,536011,22370,165279,187649
2024-03-31,536011,22300,170586,192886
2024-04-30,536011,20660,151388,172048
2024-05-31,536011,22957,160903,183860
2023-05-31,536010,4,30,34
2023-06-30,536010,30116,140584,170700
2023-07-31,536010,31190,162799,193989
2023-08-31,536010,32021,185148,217169
2023-09-30,536010,29191,163450,192641
2023-10-31,536010,34661,198769,233430
2023-11-30,536010,33772,163443,197215
2023-12-31,536010,37419,200895,238314
2024-01-31,536010,35263,188916,224179
2024-02-29,536010,35854,198369,234223
2024-03-31,536010,36216,207536,243752
2024-04-30,536010,34060,189544,223604
2024-05-31,536010,37733,201186,238919
2023-06-30,517001,29253,55,29308
2023-07-31,517001,2916,9,2925
2023-08-31,517001,0,0,0
2023-09-30,517001,0,0,0
2023-10-31,517001,2140,3,2143
2023-11-30,517001,3878,3,3881
2023-12-31,517001,10138,40,10178
2024-01-31,517001,8200,15,8215
2024-02-29,517001,4639,8,4647
2024-03-31,517001,7186,4,7190
2024-04-30,517001,6099,4,6103
2024-05-31,517001,14053,11,14064
2023-05-31,520036,1,4,5
2023-06-30,520036,307752,146340,454092
2023-07-31,520036,247388,127046,374434
2023-08-31,520036,242223,134691,376914
2023-09-30,520036,229763,135958,365721
2023-10-31,520036,259778,168689,428467
2023-11-30,520036,274133,162971,437104
2023-12-31,520036,264014,167752,431766
2024-01-31,520036,226763,135247,362010
2024-02-29,520036,272207,147125,419332
2024-03-31,520036,282632,151188,433820
2024-04-30,520036,274202,138009,412211
2024-05-31,520036,266981,140541,407522
2023-05-31,540028,44,77,121
2023-06-30,540028,165742,165175,330917
2023-07-31,540028,198083,174744,372827
2023-08-31,540028,191499,181885,373384
2023-09-30,540028,181617,166956,348573
2023-10-31,540028,195643,191019,386662
2023-11-30,540028,206968,180331,387299
2023-12-31,540028,204648,189028,393676
2024-01-31,540028,200945,184427,385372
2024-02-29,540028,201659,187506,389165
2024-03-31,540028,252187,230744,482931
2024-04-30,540028,246153,208354,454507
2024-05-31,540028,255199,205709,460908
2023-05-31,540045,144,21,165
2023-06-30,540045,21635,17009,38644
2023-07-31,540045,17354,17831,35185
2023-08-31,540045,19640,18481,38121
2023-09-30,540045,16953,16448,33401
2023-10-31,540045,17859,20338,38197
2023-11-30,540045,26799,19222,46021
2023-12-31,540045,26392,21870,48262
2024-01-31,540045,23027,21405,44432
2024-02-29,540045,22857,22467,45324
2024-03-31,540045,22998,24206,47204
2024-04-30,540045,24309,20639,44948
2024-05-31,540045,28044,22296,50340
2023-05-31,540512,3,8,11
2023-06-30,540512,6413,6973,13386
2023-07-31,540512,4708,5506,10214
2023-08-31,540512,4501,4962,9463
2023-09-30,540512,4043,4331,8374
2023-10-31,540512,4985,6336,11321
2023-11-30,540512,5723,7420,13143
2023-12-31,540512,6337,7655,13992
2024-01-31,540512,5426,7411,12837
2024-02-29,540512,6056,7070,13126
2024-03-31,540512,7017,6193,13210
2024-04-30,540512,15121,5305,20426
2024-05-31,540512,21421,7036,28457
2023-05-31,392010,1,2,3
2023-06-30,392010,119413,72185,191598
2023-07-31,392010,110193,69927,180120
2023-08-31,392010,106910,70347,177257
2023-09-30,392010,96256,59805,156061
2023-10-31,392010,108550,64430,172980
2023-11-30,392010,112780,69882,182662
2023-12-31,392010,123527,82282,205809
2024-01-31,392010,109052,76729,185781
2024-02-29,392010,110160,90672,200832
2024-03-31,392010,115736,93535,209271
2024-04-30,392010,112464,75295,187759
2024-05-31,392010,104499,81367,185866
2023-05-31,520015,11,27,38
2023-06-30,520015,8964,2645,11609
2023-07-31,520015,9244,3797,13041
2023-08-31,520015,7914,3057,10971
2023-09-30,520015,6650,2296,8946
2023-10-31,520015,7716,2712,10428
2023-11-30,520015,9264,3249,12513
2023-12-31,520015,9088,4256,13344
2024-01-31,520015,11178,10122,21300
2024-02-29,520015,8226,3382,11608
2024-03-31,520015,7714,3544,11258
2024-04-30,520015,7634,5119,12753
2024-05-31,520015,7370,3564,10934
2023-05-31,540013,8,0,8
2023-06-30,540013,152369,3187,155556
2023-07-31,540013,161429,2950,164379
2023-08-31,540013,169844,3301,173145
2023-09-30,540013,150339,3176,153515
2023-10-31,540013,155830,3610,159440
2023-11-30,540013,157596,3257,160853
2023-12-31,540013,174648,4014,178662
2024-01-31,540013,159452,3528,162980
2024-02-29,540013,156033,3735,159768
2024-03-31,540013,160465,4006,164471
2024-04-30,540013,160892,3765,164657
2024-05-31,540013,170519,3895,174414
2023-05-31,536033,6,16,22
2023-06-30,536033,69019,163506,232525
2023-07-31,536033,74848,168955,243803
2023-08-31,536033,74798,175721,250519
2023-09-30,536033,64678,160880,225558
2023-10-31,536033,74553,191105,265658
2023-11-30,536033,76147,155136,231283
2023-12-31,536033,84344,191190,275534
2024-01-31,536033,86163,184980,271143
2024-02-29,536033,86745,200727,287472
2024-03-31,536033,84421,210582,295003
2024-04-30,536033,86259,200048,286307
2024-05-31,536033,89216,204389,293605
2023-05-31,540022,3,3,6
2023-06-30,540022,26555,100177,126732
2023-07-31,540022,26226,109092,135318
2023-08-31,540022,26266,125698,151964
2023-09-30,540022,23065,116087,139152
2023-10-31,540022,27550,134518,162068
2023-11-30,540022,25204,113121,138325
2023-12-31,540022,20920,69343,90263
2024-01-31,540022,20698,77797,98495
2024-02-29,540022,24226,121671,145897
2024-03-31,540022,29854,151262,181116
2024-04-30,540022,27334,138748,166082
2024-05-31,540022,28989,146275,175264
2023-05-31,540025,4,8,12
2023-06-30,540025,66418,79472,145890
2023-07-31,540025,64524,78519,143043
2023-08-31,540025,63292,79095,142387
2023-09-30,540025,56070,69122,125192
2023-10-31,540025,64086,82169,146255
2023-11-30,540025,64452,74523,138975
2023-12-31,540025,68597,85025,153622
2024-01-31,540025,63073,76785,139858
2024-02-29,540025,62452,81265,143717
2024-03-31,540025,66105,85597,151702
2024-04-30,540025,66184,75723,141907
2024-05-31,540025,71488,79185,150673
2023-05-31,540023,3,7,10
2023-06-30,540023,19031,63979,83010
2023-07-31,540023,16739,53074,69813
2023-08-31,540023,17200,58043,75243
2023-09-30,540023,14968,48882,63850
2023-10-31,540023,19366,63600,82966
2023-11-30,540023,18520,61105,79625
2023-12-31,540023,21539,72274,93813
2024-01-31,540023,19563,69435,88998
2024-02-29,540023,21317,74062,95379
2024-03-31,540023,22582,76679,99261
2024-04-30,540023,24008,72024,96032
2024-05-31,540023,25095,82451,107546
2023-05-31,540020,72,50,122
2023-06-30,540020,134286,46230,180516
2023-07-31,540020,138236,43925,182161
2023-08-31,540020,136271,44261,180532
2023-09-30,540020,124328,37960,162288
2023-10-31,540020,138036,49663,187699
2023-11-30,540020,138633,40628,179261
2023-12-31,540020,149824,45953,195777
2024-01-31,540020,139180,45537,184717
2024-02-29,540020,134420,47248,181668
2024-03-31,540020,130893,48176,179069
2024-04-30,540020,131289,44687,175976
2024-05-31,540020,136785,47166,183951
2023-05-31,540040,119,13,132
2023-06-30,540040,9553,1505,11058
2023-07-31,540040,6801,1560,8361
2023-08-31,540040,8081,1484,9565
2023-09-30,540040,6839,1372,8211
2023-10-31,540040,7289,2992,10281
2023-11-30,540040,10776,4826,15602
2023-12-31,540040,10948,5994,16942
2024-01-31,540040,8623,4914,13537
2024-02-29,540040,8243,3500,11743
2024-03-31,540040,8128,2796,10924
2024-04-30,540040,8191,2450,10641
2024-05-31,540040,9465,2623,12088
2023-05-31,540037,14,1,15
2023-06-30,540037,5213,529,5742
2023-07-31,540037,4162,388,4550
2023-08-31,540037,4224,352,4576
2023-09-30,540037,3987,333,4320
2023-10-31,540037,4163,498,4661
2023-11-30,540037,6365,563,6928
2023-12-31,540037,6356,667,7023
2024-01-31,540037,5500,624,6124
2024-02-29,540037,5598,696,6294
2024-03-31,540037,4992,760,5752
2024-04-30,540037,5696,757,6453
2024-05-31,540037,6018,860,6878
2023-05-31,540039,30,6,36
2023-06-30,540039,16857,7513,24370
2023-07-31,540039,13000,7084,20084
2023-08-31,540039,15087,6886,21973
2023-09-30,540039,13350,6390,19740
2023-10-31,540039,13719,7847,21566
2023-11-30,540039,22020,8310,30330
2023-12-31,540039,19886,9543,29429
2024-01-31,540039,16998,9408,26406
2024-02-29,540039,17775,10396,28171
2024-03-31,540039,17446,10390,27836
2024-04-30,540039,18285,8912,27197
2024-05-31,540039,18429,8431,26860
2023-05-31,540043,26,2,28
2023-06-30,540043,3213,807,4020
2023-07-31,540043,2528,739,3267
2023-08-31,540043,2960,804,3764
2023-09-30,540043,2783,672,3455
2023-10-31,540043,2998,831,3829
2023-11-30,540043,4423,838,5261
2023-12-31,540043,4652,1044,5696
2024-01-31,540043,4426,1112,5538
2024-02-29,540043,4336,1114,5450
2024-03-31,540043,4732,1191,5923
2024-04-30,540043,5016,1005,6021
2024-05-31,540043,5546,1123,6669
2023-05-31,540042,45,2,47
2023-06-30,540042,12461,1153,13614
2023-07-31,540042,9848,1082,10930
2023-08-31,540042,11889,1110,12999
2023-09-30,540042,10082,905,10987
2023-10-31,540042,10159,1500,11659
2023-11-30,540042,16012,1653,17665
2023-12-31,540042,15740,1769,17509
2024-01-31,540042,13569,1643,15212
2024-02-29,540042,13135,1534,14669
2024-03-31,540042,13812,1709,15521
2024-04-30,540042,13309,1520,14829
2024-05-31,540042,14733,1512,16245
2023-05-31,540038,10,2,12
2023-06-30,540038,4348,1795,6143
2023-07-31,540038,3637,1571,5208
2023-08-31,540038,4225,1673,5898
2023-09-30,540038,3759,1690,5449
2023-10-31,540038,3892,2179,6071
2023-11-30,540038,6070,2363,8433
2023-12-31,540038,5641,2833,8474
2024-01-31,540038,4732,2687,7419
2024-02-29,540038,4723,2892,7615
2024-03-31,540038,4635,3813,8448
2024-04-30,540038,5198,3592,8790
2024-05-31,540038,5609,3686,9295
2023-05-31,540041,14,5,19
2023-06-30,540041,11708,1460,13168
2023-07-31,540041,9915,1605,11520
2023-08-31,540041,11519,1815,13334
2023-09-30,540041,10369,1629,11998
2023-10-31,540041,11294,3822,15116
2023-11-30,540041,18496,5773,24269
2023-12-31,540041,18262,7207,25469
2024-01-31,540041,15760,6370,22130
2024-02-29,540041,15911,4310,20221
2024-03-31,540041,15806,3424,19230
2024-04-30,540041,16823,3049,19872
2024-05-31,540041,19087,3382,22469
2023-05-31,536013,1,0,1
2023-06-30,536013,29179,90902,120081
2023-07-31,536013,29817,96865,126682
2023-08-31,536013,33611,95496,129107
2023-09-30,536013,29882,77522,107404
2023-10-31,536013,32719,80829,113548
2023-11-30,536013,34908,79688,114596
2023-12-31,536013,38290,102057,140347
2024-01-31,536013,36071,100906,136977
2024-02-29,536013,38194,101897,140091
2024-03-31,536013,38644,102715,141359
2024-04-30,536013,33131,96075,129206
2024-05-31,536013,38143,101998,140141
2023-05-31,392019,5,1,6
2023-06-30,392019,177625,82737,260362
2023-07-31,392019,161473,79530,241003
2023-08-31,392019,158402,77454,235856
2023-09-30,392019,145142,74032,219174
2023-10-31,392019,177331,86890,264221
2023-11-30,392019,178210,82722,260932
2023-12-31,392019,208176,92068,300244
2024-01-31,392019,187309,84066,271375
2024-02-29,392019,182358,87019,269377
2024-03-31,392019,201613,96907,298520
2024-04-30,392019,188116,90202,278318
2024-05-31,392019,186395,93728,280123
2023-05-31,392018,46,36,82
2023-06-30,392018,135619,96458,232077
2023-07-31,392018,103249,94555,197804
2023-08-31,392018,98105,97147,195252
2023-09-30,392018,92265,90831,183096
2023-10-31,392018,109177,104025,213202
2023-11-30,392018,126705,99182,225887
2023-12-31,392018,137512,109405,246917
2024-01-31,392018,109424,108273,217697
2024-02-29,392018,119887,115634,235521
2024-03-31,392018,136900,132872,269772
2024-04-30,392018,136015,125716,261731
2024-05-31,392018,118145,138324,256469
2023-06-30,380031,146428,98070,244498
2023-07-31,380031,99792,66703,166495
2023-08-31,380031,106019,64202,170221
2023-09-30,380031,96670,63181,159851
2023-10-31,380031,105883,76255,182138
2023-11-30,380031,127492,89327,216819
2023-12-31,380031,133570,88087,221657
2024-01-31,380031,95233,72611,167844
2024-02-29,380031,113689,78713,192402
2024-03-31,380031,117281,76843,194124
2024-04-30,380031,114796,85746,200542
2024-05-31,380031,102455,86565,189020
2023-05-31,380029,1,0,1
2023-06-30,380029,19436,35265,54701
2023-07-31,380029,14344,6934,21278
2023-08-31,380029,15062,7510,22572
2023-09-30,380029,14359,9598,23957
2023-10-31,380029,18597,18835,37432
2023-11-30,380029,25034,54353,79387
2023-12-31,380029,24270,69822,94092
2024-01-31,380029,21902,63700,85602
2024-02-29,380029,24329,67440,91769
2024-03-31,380029,27204,74783,101987
2024-04-30,380029,28078,76746,104824
2024-05-31,380029,27053,80974,108027
2023-05-31,380030,0,1,1
2023-06-30,380030,38342,9217,47559
2023-07-31,380030,35059,8124,43183
2023-08-31,380030,38507,6150,44657
2023-09-30,380030,23987,5760,29747
2023-10-31,380030,28843,5555,34398
2023-11-30,380030,39281,6421,45702
2023-12-31,380030,40027,9619,49646
2024-01-31,380030,30363,7696,38059
2024-02-29,380030,35725,9219,44944
2024-03-31,380030,35927,11630,47557
2024-04-30,380030,36556,12881,49437
2024-05-31,380030,28125,12081,40206
2023-06-30,520009,36319,4353,40672
2023-07-31,520009,25849,3638,29487
2023-08-31,520009,31709,4840,36549
2023-09-30,520009,25637,4122,29759
2023-10-31,520009,28539,4581,33120
2023-11-30,520009,37295,3810,41105
2023-12-31,520009,35567,4284,39851
2024-01-31,520009,31352,3811,35163
2024-02-29,520009,37839,4388,42227
2024-03-31,520009,43118,5220,48338
2024-04-30,520009,38041,5487,43528
2024-05-31,520009,35910,5157,41067
2023-05-31,520007,90,15,105
2023-06-30,520007,623799,41669,665468
2023-07-31,520007,477080,43790,520870
2023-08-31,520007,512921,45399,558320
2023-09-30,520007,446780,35091,481871
2023-10-31,520007,545617,49783,595400
2023-11-30,520007,696376,46408,742784
2023-12-31,520007,653977,46291,700268
2024-01-31,520007,509298,39770,549068
2024-02-29,520007,587464,42597,630061
2024-03-31,520007,672088,45629,717717
2024-04-30,520007,603364,44201,647565
2024-05-31,520007,545719,44152,589871
2023-05-31,520013,10,8,18
2023-06-30,520013,7242,809,8051
2023-07-31,520013,6450,1246,7696
2023-08-31,520013,6176,1211,7387
2023-09-30,520013,5803,857,6660
2023-10-31,520013,7275,1320,8595
2023-11-30,520013,9406,1695,11101
2023-12-31,520013,10518,2407,12925
2024-01-31,520013,9200,1951,11151
2024-02-29,520013,12500,1794,14294
2024-03-31,520013,15724,1936,17660
2024-04-30,520013,16354,2588,18942
2024-05-31,520013,16996,2452,19448
2023-05-31,540010,187,32,219
2023-06-30,540010,1785413,144657,1930070
2023-07-31,540010,1684506,114390,1798896
2023-08-31,540010,1820718,131215,1951933
2023-09-30,540010,1638977,113557,1752534
2023-10-31,540010,1725103,144154,1869257
2023-11-30,540010,1690850,130513,1821363
2023-12-31,540010,1843609,150099,1993708
2024-01-31,540010,1601831,124666,1726497
2024-02-29,540010,1576668,144429,1721097
2024-03-31,540010,1629281,135381,1764662
2024-04-30,540010,1591210,122726,1713936
2024-05-31,540010,1687181,126484,1813665
2023-06-30,540510,367,1534,1901
2023-07-31,540510,500,2041,2541
2023-08-31,540510,713,2324,3037
2023-09-30,540510,799,1970,2769
2023-10-31,540510,1015,2472,3487
2023-11-30,540510,798,2077,2875
2023-12-31,540510,1032,2131,3163
2024-01-31,540510,1001,1899,2900
2024-02-29,540510,1157,1842,2999
2024-03-31,540510,1410,1985,3395
2024-04-30,540510,1369,2121,3490
2024-05-31,540510,1474,1977,3451
2023-05-31,540507,6,4,10
2023-06-30,540507,6775,3409,10184
2023-07-31,540507,5896,4207,10103
2023-08-31,540507,7823,4508,12331
2023-09-30,540507,5907,2468,8375
2023-10-31,540507,5835,3246,9081
2023-11-30,540507,4700,2322,7022
2023-12-31,540507,5613,2896,8509
2024-01-31,540507,6049,2603,8652
2024-02-29,540507,5045,2541,7586
2024-03-31,540507,1570,2456,4026
2024-04-30,540507,1802,2665,4467
2024-05-31,540507,1037,2561,3598
2023-05-31,520023,10,1,11
2023-06-30,520023,53737,5720,59457
2023-07-31,520023,50952,4892,55844
2023-08-31,520023,53545,6093,59638
2023-09-30,520023,49269,4814,54083
2023-10-31,520023,56856,7664,64520
2023-11-30,520023,60243,6961,67204
2023-12-31,520023,63540,7331,70871
2024-01-31,520023,55249,5560,60809
2024-02-29,520023,62153,5923,68076
2024-03-31,520023,63818,6791,70609
2024-04-30,520023,59959,7162,67121
2024-05-31,520023,62269,6998,69267
2023-05-31,380033,771,397,1168
2023-06-30,380033,140337,63672,204009
2023-07-31,380033,123194,61700,184894
2023-08-31,380033,135734,62059,197793
2023-09-30,380033,121057,48195,169252
2023-10-31,380033,141686,52237,193923
2023-11-30,380033,168468,70213,238681
2023-12-31,380033,186471,100749,287220
2024-01-31,380033,135086,83308,218394
2024-02-29,380033,147522,77353,224875
2024-03-31,380033,145398,82849,228247
2024-04-30,380033,146024,87715,233739
2024-05-31,380033,130230,88051,218281
2023-05-31,381000,1,9,10
2023-06-30,381000,69932,19336,89268
2023-07-31,381000,68244,20079,88323
2023-08-31,381000,71069,21523,92592
2023-09-30,381000,65695,20756,86451
2023-10-31,381000,74048,20907,94955
2023-11-30,381000,65375,16097,81472
2023-12-31,381000,71806,19358,91164
2024-01-31,381000,79627,18156,97783
2024-02-29,381000,72614,21105,93719
2024-03-31,381000,74391,22560,96951
2024-04-30,381000,74198,19403,93601
2024-05-31,381000,81541,19169,100710
2023-05-31,380028,15,1,16
2023-06-30,380028,65314,7455,72769
2023-07-31,380028,53635,7842,61477
2023-08-31,380028,55417,7407,62824
2023-09-30,380028,43877,6692,50569
2023-10-31,380028,53300,7819,61119
2023-11-30,380028,56660,7310,63970
2023-12-31,380028,61144,7977,69121
2024-01-31,380028,47083,8133,55216
2024-02-29,380028,62095,7804,69899
2024-03-31,380028,64808,8833,73641
2024-04-30,380028,72863,8748,81611
2024-05-31,380028,56272,9395,65667
2023-05-31,380032,13,3,16
2023-06-30,380032,34443,14694,49137
2023-07-31,380032,27407,13406,40813
2023-08-31,380032,28312,9541,37853
2023-09-30,380032,24687,2986,27673
2023-10-31,380032,28883,2565,31448
2023-11-30,380032,33164,2796,35960
2023-12-31,380032,37469,5563,43032
2024-01-31,380032,28628,5501,34129
2024-02-29,380032,33959,5372,39331
2024-03-31,380032,33981,6051,40032
2024-04-30,380032,35626,4070,39696
2024-05-31,380032,28397,5938,34335
2023-05-31,540024,1,5,6
2023-06-30,540024,13103,51281,64384
2023-07-31,540024,12726,43866,56592
2023-08-31,540024,12732,46229,58961
2023-09-30,540024,11085,41038,52123
2023-10-31,540024,13414,51701,65115
2023-11-30,540024,12726,48411,61137
2023-12-31,540024,14762,53361,68123
2024-01-31,540024,13300,53057,66357
2024-02-29,540024,14215,56342,70557
2024-03-31,540024,14636,52022,66658
2024-04-30,540024,16498,54980,71478
2024-05-31,540024,17884,61401,79285
2023-05-31,540021,17,1,18
2023-06-30,540021,164102,23614,187716
2023-07-31,540021,157509,23188,180697
2023-08-31,540021,156120,22485,178605
2023-09-30,540021,153095,19698,172793
2023-10-31,540021,152129,25098,177227
2023-11-30,540021,149704,19508,169212
2023-12-31,540021,154609,22778,177387
2024-01-31,540021,135672,22817,158489
2024-02-29,540021,122718,22845,145563
2024-03-31,540021,118775,22471,141246
2024-04-30,540021,122785,21353,144138
2024-05-31,540021,138660,23800,162460
2023-05-31,540026,2,8,10
2023-06-30,540026,6451,13191,19642
2023-07-31,540026,6184,11050,17234
2023-08-31,540026,6745,12846,19591
2023-09-30,540026,5601,9582,15183
2023-10-31,540026,6601,9064,15665
2023-11-30,540026,6699,8358,15057
2023-12-31,540026,7007,10597,17604
2024-01-31,540026,7012,10117,17129
2024-02-29,540026,7855,9339,17194
2024-03-31,540026,8788,9889,18677
2024-04-30,540026,8166,8808,16974
2024-05-31,540026,9190,10457,19647
2023-05-31,540005,24,10,34
2023-06-30,540005,1298247,284126,1582373
2023-07-31,540005,1150659,287084,1437743
2023-08-31,540005,1264350,304594,1568944
2023-09-30,540005,1164510,272970,1437480
2023-10-31,540005,1215456,323627,1539083
2023-11-30,540005,1423652,283074,1706726
2023-12-31,540005,1543228,320647,1863875
2024-01-31,540005,1337928,296984,1634912
2024-02-29,540005,1268685,310227,1578912
2024-03-31,540005,1314692,325196,1639888
2024-04-30,540005,1313998,289049,1603047
2024-05-31,540005,1508687,291244,1799931
2023-05-31,540007,12,2,14
2023-06-30,540007,425516,89112,514628
2023-07-31,540007,444312,85043,529355
2023-08-31,540007,471352,92181,563533
2023-09-30,540007,405432,85685,491117
2023-10-31,540007,445904,93822,539726
2023-11-30,540007,463564,85965,549529
2023-12-31,540007,538621,98384,637005
2024-01-31,540007,492649,89841,582490
2024-02-29,540007,489909,99751,589660
2024-03-31,540007,507798,104872,612670
2024-04-30,540007,484224,97262,581486
2024-05-31,540007,521026,100479,621505
2023-05-31,540011,59,64,123
2023-06-30,540011,827725,232454,1060179
2023-07-31,540011,772348,159120,931468
2023-08-31,540011,799918,189528,989446
2023-09-30,540011,703446,163257,866703
2023-10-31,540011,756447,178055,934502
2023-11-30,540011,762201,163154,925355
2023-12-31,540011,807061,196819,1003880
2024-01-31,540011,762542,167255,929797
2024-02-29,540011,759262,150849,910111
2024-03-31,540011,767670,156660,924330
2024-04-30,540011,775848,138145,913993
2024-05-31,540011,810817,135321,946138
2023-05-31,540008,22,3,25
2023-06-30,540008,351287,133862,485149
2023-07-31,540008,351640,134979,486619
2023-08-31,540008,336466,142190,478656
2023-09-30,540008,270314,125798,396112
2023-10-31,540008,315024,142949,457973
2023-11-30,540008,339283,132334,471617
2023-12-31,540008,385758,148214,533972
2024-01-31,540008,324365,129659,454024
2024-02-29,540008,320890,144572,465462
2024-03-31,540008,337714,147024,484738
2024-04-30,540008,338637,136184,474821
2024-05-31,540008,399741,143222,542963
2023-05-31,540009,30,11,41
2023-06-30,540009,475277,81059,556336
2023-07-31,540009,486303,78568,564871
2023-08-31,540009,488565,83079,571644
2023-09-30,540009,410459,77758,488217
2023-10-31,540009,446243,88477,534720
2023-11-30,540009,459173,80287,539460
2023-12-31,540009,528884,91272,620156
2024-01-31,540009,482346,81151,563497
2024-02-29,540009,484100,90492,574592
2024-03-31,540009,502416,95653,598069
2024-04-30,540009,485478,84915,570393
2024-05-31,540009,581180,86989,668169
2023-05-31,540006,2,2,4
2023-06-30,540006,259562,133371,392933
2023-07-31,540006,252513,193579,446092
2023-08-31,540006,268579,186169,454748
2023-09-30,540006,241495,175739,417234
2023-10-31,540006,257115,213030,470145
2023-11-30,540006,274720,189496,464216
2023-12-31,540006,298021,204024,502045
2024-01-31,540006,278576,200928,479504
2024-02-29,540006,279102,224092,503194
2024-03-31,540006,287899,244343,532242
2024-04-30,540006,301493,230634,532127
2024-05-31,540006,336021,242759,578780
2023-06-30,540059,64935,70138,135073
2023-07-31,540059,61544,69477,131021
2023-08-31,540059,61461,71141,132602
2023-09-30,540059,54029,61289,115318
2023-10-31,540059,62938,72752,135690
2023-11-30,540059,64187,65810,129997
2023-12-31,540059,70034,70050,140084
2024-01-31,540059,64282,65204,129486
2024-02-29,540059,63111,69976,133087
2024-03-31,540059,66870,73897,140767
2024-04-30,540059,67469,68664,136133
2024-05-31,540059,73346,79665,153011
2023-05-31,540508,15,10,25
2023-06-30,540508,50006,12609,62615
2023-07-31,540508,59682,16631,76313
2023-08-31,540508,58176,16597,74773
2023-09-30,540508,51624,15203,66827
2023-10-31,540508,48732,18246,66978
2023-11-30,540508,60177,19265,79442
2023-12-31,540508,66381,23094,89475
2024-01-31,540508,74246,23034,97280
2024-02-29,540508,72996,23172,96168
2024-03-31,540508,72912,25424,98336
2024-04-30,540508,70377,24256,94633
2024-05-31,540508,71089,27142,98231
2023-05-31,540053,57,9,66
2023-06-30,540053,31877,12405,44282
2023-07-31,540053,28495,13698,42193
2023-08-31,540053,33412,15546,48958
2023-09-30,540053,28765,15012,43777
2023-10-31,540053,32744,19677,52421
2023-11-30,540053,46511,19304,65815
2023-12-31,540053,52535,23284,75819
2024-01-31,540053,47770,23289,71059
2024-02-29,540053,42484,25340,67824
2024-03-31,540053,12601,5882,18483
2024-04-30,540053,6655,1786,8441
2024-05-31,540053,7205,1631,8836
2023-05-31,540506,5,9,14
2023-06-30,540506,19368,12123,31491
2023-07-31,540506,10021,9392,19413
2023-08-31,540506,10311,9118,19429
2023-09-30,540506,11583,8450,20033
2023-10-31,540506,10867,11043,21910
2023-11-30,540506,11778,10017,21795
2023-12-31,540506,17585,10656,28241
2024-01-31,540506,12829,8928,21757
2024-02-29,540506,7722,9890,17612
2024-03-31,540506,3516,10379,13895
2024-04-30,540506,3828,11102,14930
2024-05-31,540506,4016,12753,16769
2023-06-30,540509,1579,7992,9571
2023-07-31,540509,1641,6975,8616
2023-08-31,540509,1943,7592,9535
2023-09-30,540509,1983,6561,8544
2023-10-31,540509,3627,10891,14518
2023-11-30,540509,6027,12280,18307
2023-12-31,540509,6512,12884,19396
2024-01-31,540509,6269,12742,19011
2024-02-29,540509,7099,14089,21188
2024-03-31,540509,7600,14961,22561
2024-04-30,540509,7652,14042,21694
2024-05-31,540509,8026,14811,22837
2023-05-31,392017,4,11,15
2023-06-30,392017,63455,99383,162838
2023-07-31,392017,61069,98710,159779
2023-08-31,392017,59863,96997,156860
2023-09-30,392017,55603,92910,148513
2023-10-31,392017,70679,104694,175373
2023-11-30,392017,65371,108741,174112
2023-12-31,392017,80088,114158,194246
2024-01-31,392017,71923,104942,176865
2024-02-29,392017,64826,109312,174138
2024-03-31,392017,76606,116044,192650
2024-04-30,392017,63485,105897,169382
2024-05-31,392017,66128,112372,178500
2023-05-31,392020,2,2,4
2023-06-30,392020,173922,130834,304756
2023-07-31,392020,159630,135088,294718
2023-08-31,392020,156008,131669,287677
2023-09-30,392020,139967,129373,269340
2023-10-31,392020,167379,134959,302338
2023-11-30,392020,165803,135166,300969
2023-12-31,392020,198575,149056,347631
2024-01-31,392020,179526,133868,313394
2024-02-29,392020,171055,142998,314053
2024-03-31,392020,189890,154266,344156
2024-04-30,392020,173533,144823,318356
2024-05-31,392020,170809,151782,322591
2023-05-31,392022,0,1,1
2023-06-30,392022,60505,33332,93837
2023-07-31,392022,61565,34134,95699
2023-08-31,392022,61631,33843,95474
2023-09-30,392022,57916,33232,91148
2023-10-31,392022,67295,36150,103445
2023-11-30,392022,65522,35475,100997
2023-12-31,392022,71956,36772,108728
2024-01-31,392022,70172,34020,104192
2024-02-29,392022,70677,35427,106104
2024-03-31,392022,71264,38025,109289
2024-04-30,392022,70558,35705,106263
2024-05-31,392022,69555,39052,108607
2023-05-31,392021,2,2,4
2023-06-30,392021,51349,40974,92323
2023-07-31,392021,47365,46223,93588
2023-08-31,392021,46234,45996,92230
2023-09-30,392021,41381,42013,83394
2023-10-31,392021,47142,44690,91832
2023-11-30,392021,49701,48181,97882
2023-12-31,392021,55577,49744,105321
2024-01-31,392021,47863,45023,92886
2024-02-29,392021,49593,54860,104453
2024-03-31,392021,50119,59029,109148
2024-04-30,392021,49331,49043,98374
2024-05-31,392021,46686,55797,102483
2023-06-30,392023,101726,99413,201139
2023-07-31,392023,98021,101362,199383
2023-08-31,392023,96082,102769,198851
2023-09-30,392023,87055,96072,183127
2023-10-31,392023,104847,106085,210932
2023-11-30,392023,99174,110020,209194
2023-12-31,392023,120764,116762,237526
2024-01-31,392023,111208,107400,218608
2024-02-29,392023,101635,111911,213546
2024-03-31,392023,114218,119468,233686
2024-04-30,392023,97635,110441,208076
2024-05-31,392023,100771,116623,217394
2023-05-31,520010,355,141,496
2023-06-30,520010,89017,24029,113046
2023-07-31,520010,74588,28335,102923
2023-08-31,520010,69418,26946,96364
2023-09-30,520010,61600,22331,83931
2023-10-31,520010,76319,17976,94295
2023-11-30,520010,106985,21031,128016
2023-12-31,520010,99287,32462,131749
2024-01-31,520010,86201,42103,128304
2024-02-29,520010,94868,31008,125876
2024-03-31,520010,102520,27355,129875
2024-04-30,520010,106615,29307,135922
2024-05-31,520010,97845,28259,126104
2023-05-31,520012,3,0,3
2023-06-30,520012,2208,216,2424
2023-07-31,520012,2104,577,2681
2023-08-31,520012,1970,536,2506
2023-09-30,520012,1712,144,1856
2023-10-31,520012,2202,183,2385
2023-11-30,520012,2931,483,3414
2023-12-31,520012,2826,306,3132
2024-01-31,520012,2557,480,3037
2024-02-29,520012,3263,209,3472
2024-03-31,520012,3536,254,3790
2024-04-30,520012,3681,483,4164
2024-05-31,520012,3850,462,4312
2023-05-31,520011,79,44,123
2023-06-30,520011,11776,14875,26651
2023-07-31,520011,10986,13035,24021
2023-08-31,520011,9997,11054,21051
2023-09-30,520011,8878,10447,19325
2023-10-31,520011,11289,8721,20010
2023-11-30,520011,11513,9380,20893
2023-12-31,520011,11753,12491,24244
2024-01-31,520011,9324,9755,19079
2024-02-29,520011,10844,13344,24188
2024-03-31,520011,11404,12102,23506
2024-04-30,520011,10818,10019,20837
2024-05-31,520011,12887,8974,21861
2023-05-31,520008,59,9,68
2023-06-30,520008,455867,82767,538634
2023-07-31,520008,353942,82067,436009
2023-08-31,520008,350777,80193,430970
2023-09-30,520008,323686,75412,399098
2023-10-31,520008,394904,101429,496333
2023-11-30,520008,535845,93338,629183
2023-12-31,520008,501066,111784,612850
2024-01-31,520008,381332,90962,472294
2024-02-29,520008,452102,94963,547065
2024-03-31,520008,502889,101728,604617
2024-04-30,520008,460725,103135,563860
2024-05-31,520008,403346,101809,505155
2023-05-31,520030,64,69,133
2023-06-30,520030,14426,25164,39590
2023-07-31,520030,10421,16105,26526
2023-08-31,520030,9981,14390,24371
2023-09-30,520030,9213,13735,22948
2023-10-31,520030,10151,23378,33529
2023-11-30,520030,14358,21697,36055
2023-12-31,520030,14257,25554,39811
2024-01-31,520030,10626,22878,33504
2024-02-29,520030,13375,26483,39858
2024-03-31,520030,13928,28549,42477
2024-04-30,520030,13005,29454,42459
2024-05-31,520030,12119,28704,40823
2023-05-31,520034,0,3,3
2023-06-30,520034,201506,144518,346024
2023-07-31,520034,175468,111982,287450
2023-08-31,520034,171107,102816,273923
2023-09-30,520034,151086,90991,242077
2023-10-31,520034,183518,107982,291500
2023-11-30,520034,193627,104562,298189
2023-12-31,520034,215769,112878,328647
2024-01-31,520034,179673,98774,278447
2024-02-29,520034,219250,109029,328279
2024-03-31,520034,229763,117389,347152
2024-04-30,520034,214397,105985,320382
2024-05-31,520034,221348,109432,330780
2023-05-31,520032,5,1,6
2023-06-30,520032,43769,13302,57071
2023-07-31,520032,38582,10285,48867
2023-08-31,520032,37268,7574,44842
2023-09-30,520032,32944,7587,40531
2023-10-31,520032,44416,10425,54841
2023-11-30,520032,45805,10661,56466
2023-12-31,520032,43657,13235,56892
2024-01-31,520032,39541,11188,50729
2024-02-29,520032,47882,13036,60918
2024-03-31,520032,46916,12306,59222
2024-04-30,520032,44464,11171,55635
2024-05-31,520032,44582,12845,57427
2023-05-31,520033,161,74,235
2023-06-30,520033,124628,31577,156205
2023-07-31,520033,85137,28302,113439
2023-08-31,520033,89145,33665,122810
2023-09-30,520033,84976,30101,115077
2023-10-31,520033,91030,34181,125211
2023-11-30,520033,107639,30313,137952
2023-12-31,520033,110512,35291,145803
2024-01-31,520033,93511,33844,127355
2024-02-29,520033,107652,38215,145867
2024-03-31,520033,115799,41825,157624
2024-04-30,520033,108883,38691,147574
2024-05-31,520033,121183,38466,159649
2023-05-31,520031,2,3,5
2023-06-30,520031,36514,125853,162367
2023-07-31,520031,37508,117717,155225
2023-08-31,520031,33871,101779,135650
2023-09-30,520031,32676,83896,116572
2023-10-31,520031,47366,99064,146430
2023-11-30,520031,47129,78722,125851
2023-12-31,520031,45648,83937,129585
2024-01-31,520031,37219,83962,121181
2024-02-29,520031,41057,95068,136125
2024-03-31,520031,42376,107807,150183
2024-04-30,520031,45686,106729,152415
2024-05-31,520031,39617,103884,143501
2023-05-31,520022,228,33,261
2023-06-30,520022,18593,4133,22726
2023-07-31,520022,13334,11147,24481
2023-08-31,520022,12207,19178,31385
2023-09-30,520022,10545,16457,27002
2023-10-31,520022,14372,16339,30711
2023-11-30,520022,21105,19268,40373
2023-12-31,520022,22274,28459,50733
2024-01-31,520022,14693,32199,46892
2024-02-29,520022,16143,35697,51840
2024-03-31,520022,18550,38481,57031
2024-04-30,520022,17358,38716,56074
2024-05-31,520022,16220,42597,58817
2023-05-31,392011,2,0,2
2023-06-30,392011,127761,36676,164437
2023-07-31,392011,111316,33813,145129
2023-08-31,392011,105031,34658,139689
2023-09-30,392011,95092,31135,126227
2023-10-31,392011,106458,35177,141635
2023-11-30,392011,107322,34999,142321
2023-12-31,392011,120967,37784,158751
2024-01-31,392011,110018,34640,144658
2024-02-29,392011,118610,35161,153771
2024-03-31,392011,128409,37745,166154
2024-04-30,392011,123193,34912,158105
2024-05-31,392011,120024,36611,156635
2023-05-31,392013,5,6,11
2023-06-30,392013,117735,161044,278779
2023-07-31,392013,96616,167632,264248
2023-08-31,392013,97858,166000,263858
2023-09-30,392013,82740,150971,233711
2023-10-31,392013,107178,166351,273529
2023-11-30,392013,123017,171478,294495
2023-12-31,392013,136017,180582,316599
2024-01-31,392013,103597,167770,271367
2024-02-29,392013,114119,179320,293439
2024-03-31,392013,126766,189958,316724
2024-04-30,392013,131789,171113,302902
2024-05-31,392013,104209,181301,285510
2023-05-31,392014,11,2,13
2023-06-30,392014,321411,87748,409159
2023-07-31,392014,273978,95948,369926
2023-08-31,392014,278072,96948,375020
2023-09-30,392014,253464,91496,344960
2023-10-31,392014,292072,103157,395229
2023-11-30,392014,309333,100451,409784
2023-12-31,392014,341816,107021,448837
2024-01-31,392014,298257,101238,399495
2024-02-29,392014,306044,105788,411832
2024-03-31,392014,331466,118555,450021
2024-04-30,392014,331323,118535,449858
2024-05-31,392014,312287,127618,439905
2023-05-31,392015,0,1,1
2023-06-30,392015,51110,9351,60461
2023-07-31,392015,40765,8948,49713
2023-08-31,392015,39626,8249,47875
2023-09-30,392015,30484,7277,37761
2023-10-31,392015,35552,7270,42822
2023-11-30,392015,42148,8185,50333
2023-12-31,392015,45585,9181,54766
2024-01-31,392015,35790,8529,44319
2024-02-29,392015,37381,9434,46815
2024-03-31,392015,44101,9895,53996
2024-04-30,392015,43676,9534,53210
2024-05-31,392015,35771,9572,45343
2023-05-31,392016,2,0,2
2023-06-30,392016,43811,11404,55215
2023-07-31,392016,31935,9457,41392
2023-08-31,392016,30151,8372,38523
2023-09-30,392016,27639,7796,35435
2023-10-31,392016,32427,8817,41244
2023-11-30,392016,36745,9779,46524
2023-12-31,392016,40380,10847,51227
2024-01-31,392016,33528,9307,42835
2024-02-29,392016,35071,10930,46001
2024-03-31,392016,37818,11016,48834
2024-04-30,392016,35989,11030,47019
2024-05-31,392016,36795,10755,47550
2023-05-31,520001,12,3,15
2023-06-30,520001,1377,283,1660
2023-07-31,520001,985,232,1217
2023-08-31,520001,758,153,911
2023-09-30,520001,751,133,884
2023-10-31,520001,937,105,1042
2023-11-30,520001,1013,97,1110
2023-12-31,520001,765,75,840
2024-01-31,520001,946,142,1088
2024-02-29,520001,1152,122,1274
2024-03-31,520001,1087,80,1167
2024-04-30,520001,1100,100,1200
2024-05-31,520001,908,110,1018
2023-05-31,520002,16,15,31
2023-06-30,520002,2554,1233,3787
2023-07-31,520002,1932,983,2915
2023-08-31,520002,1695,820,2515
2023-09-30,520002,1316,391,1707
2023-10-31,520002,1486,515,2001
2023-11-30,520002,1808,488,2296
2023-12-31,520002,2136,602,2738
2024-01-31,520002,1579,536,2115
2024-02-29,520002,1995,471,2466
2024-03-31,520002,2153,622,2775
2024-04-30,520002,2436,608,3044
2024-05-31,520002,2457,980,3437
2023-05-31,520003,17,5,22
2023-06-30,520003,3167,493,3660
2023-07-31,520003,2787,540,3327
2023-08-31,520003,2596,575,3171
2023-09-30,520003,2534,433,2967
2023-10-31,520003,2858,579,3437
2023-11-30,520003,3761,820,4581
2023-12-31,520003,5186,2138,7324
2024-01-31,520003,3488,933,4421
2024-02-29,520003,4856,744,5600
2024-03-31,520003,4324,821,5145
2024-04-30,520003,4211,581,4792
2024-05-31,520003,3947,752,4699
2023-05-31,520004,47,3,50
2023-06-30,520004,3747,283,4030
2023-07-31,520004,1937,177,2114
2023-08-31,520004,2478,193,2671
2023-09-30,520004,1829,120,1949
2023-10-31,520004,2625,187,2812
2023-11-30,520004,4237,224,4461
2023-12-31,520004,3061,244,3305
2024-01-31,520004,2403,180,2583
2024-02-29,520004,2801,203,3004
2024-03-31,520004,3807,175,3982
2024-04-30,520004,4013,176,4189
2024-05-31,520004,3525,104,3629
2023-05-31,520005,70,21,91
2023-06-30,520005,771181,62714,833895
2023-07-31,520005,605815,63550,669365
2023-08-31,520005,653846,63957,717803
2023-09-30,520005,567035,52039,619074
2023-10-31,520005,683734,73909,757643
2023-11-30,520005,852364,66891,919255
2023-12-31,520005,811223,65542,876765
2024-01-31,520005,644579,57196,701775
2024-02-29,520005,743800,62786,806586
2024-03-31,520005,836024,67260,903284
2024-04-30,520005,757665,66626,824291
2024-05-31,520005,701216,69340,770556
2023-05-31,520006,54,11,65
2023-06-30,520006,499165,33471,532636
2023-07-31,520006,379177,35366,414543
2023-08-31,520006,390476,37964,428440
2023-09-30,520006,350363,27020,377383
2023-10-31,520006,437382,38454,475836
2023-11-30,520006,582557,38272,620829
2023-12-31,520006,534877,37405,572282
2024-01-31,520006,418682,31987,450669
2024-02-29,520006,480303,34065,514368
2024-03-31,520006,548684,36434,585118
2024-04-30,520006,487702,34670,522372
2024-05-31,520006,434768,34377,469145
2023-05-31,520017,30,11,41
2023-06-30,520017,8518,1384,9902
2023-07-31,520017,7332,1704,9036
2023-08-31,520017,6989,2366,9355
2023-09-30,520017,6447,1778,8225
2023-10-31,520017,7735,2028,9763
2023-11-30,520017,10026,2043,12069
2023-12-31,520017,9621,2250,11871
2024-01-31,520017,8929,2688,11617
2024-02-29,520017,9717,2977,12694
2024-03-31,520017,9040,2988,12028
2024-04-30,520017,9761,3157,12918
2024-05-31,520017,9552,3338,12890
2023-05-31,520018,22,13,35
2023-06-30,520018,9429,1239,10668
2023-07-31,520018,7374,1376,8750
2023-08-31,520018,6918,1895,8813
2023-09-30,520018,5996,1241,7237
2023-10-31,520018,7224,1102,8326
2023-11-30,520018,9302,1381,10683
2023-12-31,520018,9528,1908,11436
2024-01-31,520018,7854,2201,10055
2024-02-29,520018,8840,2027,10867
2024-03-31,520018,8579,2001,10580
2024-04-30,520018,9382,1871,11253
2024-05-31,520018,9132,2038,11170
2023-05-31,536002,4,10,14
2023-06-30,536002,53144,111820,164964
2023-07-31,536002,50641,111382,162023
2023-08-31,536002,52115,113952,166067
2023-09-30,536002,48608,104293,152901
2023-10-31,536002,54188,127641,181829
2023-11-30,536002,55661,111780,167441
2023-12-31,536002,56741,127536,184277
2024-01-31,536002,52541,117564,170105
2024-02-29,536002,51976,128210,180186
2024-03-31,536002,55509,132437,187946
2024-04-30,536002,53464,124841,178305
2024-05-31,536002,56689,127763,184452
2023-05-31,536004,7,24,31
2023-06-30,536004,21223,53420,74643
2023-07-31,536004,20522,55548,76070
2023-08-31,536004,21076,57772,78848
2023-09-30,536004,20459,52460,72919
2023-10-31,536004,22739,63364,86103
2023-11-30,536004,22351,55328,77679
2023-12-31,536004,23218,60519,83737
2024-01-31,536004,21169,53703,74872
2024-02-29,536004,22486,62348,84834
2024-03-31,536004,22842,63431,86273
2024-04-30,536004,22868,60216,83084
2024-05-31,536004,23581,58428,82009
2023-05-31,536017,9,7,16
2023-06-30,536017,85461,164498,249959
2023-07-31,536017,79178,160243,239421
2023-08-31,536017,96343,168891,265234
2023-09-30,536017,91890,145127,237017
2023-10-31,536017,96428,174982,271410
2023-11-30,536017,121989,159178,281167
2023-12-31,536017,120845,194242,315087
2024-01-31,536017,112446,190705,303151
2024-02-29,536017,110137,197333,307470
2024-03-31,536017,114604,201292,315896
2024-04-30,536017,99350,181961,281311
2024-05-31,536017,109434,191650,301084
2023-05-31,536018,0,8,8
2023-06-30,536018,55775,135633,191408
2023-07-31,536018,58083,137837,195920
2023-08-31,536018,60908,140597,201505
2023-09-30,536018,55181,128170,183351
2023-10-31,536018,62546,153672,216218
2023-11-30,536018,57574,134156,191730
2023-12-31,536018,65294,152638,217932
2024-01-31,536018,60342,141666,202008
2024-02-29,536018,62155,154895,217050
2024-03-31,536018,62233,162013,224246
2024-04-30,536018,61664,150474,212138
2024-05-31,536018,63606,155598,219204
2023-05-31,536019,0,5,5
2023-06-30,536019,35444,123749,159193
2023-07-31,536019,35963,125497,161460
2023-08-31,536019,38740,126918,165658
2023-09-30,536019,35765,115755,151520
2023-10-31,536019,41896,140610,182506
2023-11-30,536019,39029,122750,161779
2023-12-31,536019,43130,138531,181661
2024-01-31,536019,40499,127032,167531
2024-02-29,536019,41647,138458,180105
2024-03-31,536019,41740,144355,186095
2024-04-30,536019,40298,135266,175564
2024-05-31,536019,41833,138552,180385
2023-05-31,536035,3,16,19
2023-06-30,536035,66521,83736,150257
2023-07-31,536035,96483,94205,190688
2023-08-31,536035,95171,97513,192684
2023-09-30,536035,78616,85974,164590
2023-10-31,536035,85127,99918,185045
2023-11-30,536035,77700,83806,161506
2023-12-31,536035,87063,105838,192901
2024-01-31,536035,90444,103171,193615
2024-02-29,536035,116409,109292,225701
2024-03-31,536035,96574,112185,208759
2024-04-30,536035,98648,106200,204848
2024-05-31,536035,105190,110608,215798
2023-05-31,540014,44,2,46
2023-06-30,540014,996446,81656,1078102
2023-07-31,540014,886255,70711,956966
2023-08-31,540014,962444,83694,1046138
2023-09-30,540014,862794,74216,937010
2023-10-31,540014,922044,89472,1011516
2023-11-30,540014,960134,79416,1039550
2023-12-31,540014,1059130,90829,1149959
2024-01-31,540014,962278,82346,1044624
2024-02-29,540014,881505,82506,964011
2024-03-31,540014,858408,83267,941675
2024-04-30,540014,866205,75170,941375
2024-05-31,540014,918840,85515,1004355
2023-05-31,540015,2,3,5
2023-06-30,540015,19381,53562,72943
2023-07-31,540015,16595,47351,63946
2023-08-31,540015,16078,46762,62840
2023-09-30,540015,13862,39459,53321
2023-10-31,540015,18104,53226,71330
2023-11-30,540015,17630,48812,66442
2023-12-31,540015,20576,59017,79593
2024-01-31,540015,18701,63136,81837
2024-02-29,540015,21854,70628,92482
2024-03-31,540015,21890,73188,95078
2024-04-30,540015,23246,70338,93584
2024-05-31,540015,24734,77944,102678
2023-05-31,540017,17,10,27
2023-06-30,540017,84694,17129,101823
2023-07-31,540017,74103,14083,88186
2023-08-31,540017,53286,12906,66192
2023-09-30,540017,68199,13311,81510
2023-10-31,540017,88915,18265,107180
2023-11-30,540017,99948,17992,117940
2023-12-31,540017,113582,19892,133474
2024-01-31,540017,105300,18357,123657
2024-02-29,540017,95572,18073,113645
2024-03-31,540017,88983,17105,106088
2024-04-30,540017,88336,15120,103456
2024-05-31,540017,92563,15723,108286
2023-05-31,540019,2,4,6
2023-06-30,540019,139884,16113,155997
2023-07-31,540019,112497,13919,126416
2023-08-31,540019,108749,13067,121816
2023-09-30,540019,136437,9714,146151
2023-10-31,540019,170775,12921,183696
2023-11-30,540019,191600,8787,200387
2023-12-31,540019,259924,12559,272483
2024-01-31,540019,231410,11764,243174
2024-02-29,540019,222060,11810,233870
2024-03-31,540019,203015,9752,212767
2024-04-30,540019,211943,7052,218995
2024-05-31,540019,217209,7061,224270
2023-05-31,540029,47,66,113
2023-06-30,540029,85478,81565,167043
2023-07-31,540029,39038,34365,73403
2023-08-31,540029,61407,55679,117086
2023-09-30,540029,51442,47476,98918
2023-10-31,540029,64530,63056,127586
2023-11-30,540029,48870,43043,91913
2023-12-31,540029,73303,66993,140296
2024-01-31,540029,52932,48568,101500
2024-02-29,540029,46087,41944,88031
2023-05-31,540034,60,14,74
2023-06-30,540034,3608,1894,5502
2023-07-31,540034,3395,1848,5243
2023-08-31,540034,3845,1969,5814
2023-09-30,540034,3260,1949,5209
2023-10-31,540034,3968,2510,6478
2023-11-30,540034,4891,2337,7228
2023-12-31,540034,5853,2823,8676
2024-01-31,540034,5185,2796,7981
2024-02-29,540034,5463,3338,8801
2024-03-31,540034,6065,3988,10053
2024-04-30,540034,6063,3406,9469
2024-05-31,540034,6384,3745,10129
2023-05-31,540035,16,4,20
2023-06-30,540035,11722,1570,13292
2023-07-31,540035,9294,1430,10724
2023-08-31,540035,11128,1435,12563
2023-09-30,540035,10293,1399,11692
2023-10-31,540035,10763,1824,12587
2023-11-30,540035,15765,1717,17482
2023-12-31,540035,16950,2256,19206
2024-01-31,540035,14412,2200,16612
2024-02-29,540035,14386,2338,16724
2024-03-31,540035,14593,2750,17343
2024-04-30,540035,15125,2433,17558
2024-05-31,540035,16313,3047,19360
2023-05-31,540036,48,7,55
2023-06-30,540036,2433,232,2665
2023-07-31,540036,1928,216,2144
2023-08-31,540036,1989,237,2226
2023-09-30,540036,1945,202,2147
2023-10-31,540036,2004,269,2273
2023-11-30,540036,2685,184,2869
2023-12-31,540036,2988,271,3259
2024-01-31,540036,2683,264,2947
2024-02-29,540036,2826,252,3078
2024-03-31,540036,2919,458,3377
2024-04-30,540036,3075,330,3405
2024-05-31,540036,3089,397,3486
2023-05-31,540048,73,2,75
2023-06-30,540048,41997,6941,48938
2023-07-31,540048,36722,7718,44440
2023-08-31,540048,42457,10656,53113
2023-09-30,540048,35229,12020,47249
2023-10-31,540048,36650,15580,52230
2023-11-30,540048,46438,15025,61463
2023-12-31,540048,55038,14401,69439
2024-01-31,540048,48509,12913,61422
2024-02-29,540048,43908,15344,59252
2024-03-31,540048,45990,18065,64055
2024-04-30,540048,45127,19046,64173
2024-05-31,540048,56314,23182,79496
2023-05-31,540049,85,13,98
2023-06-30,540049,5273,2218,7491
2023-07-31,540049,4667,2015,6682
2023-08-31,540049,5313,2413,7726
2023-09-30,540049,4451,2484,6935
2023-10-31,540049,5106,3116,8222
2023-11-30,540049,5703,3261,8964
2023-12-31,540049,6637,3933,10570
2024-01-31,540049,5701,3379,9080
2024-02-29,540049,5625,3948,9573
2024-03-31,540049,5904,4345,10249
2024-04-30,540049,5725,4062,9787
2024-05-31,540049,5979,4054,10033
2023-05-31,540052,123,10,133
2023-06-30,540052,35489,3552,39041
2023-07-31,540052,32590,4934,37524
2023-08-31,540052,39299,5335,44634
2023-09-30,540052,33881,5601,39482
2023-10-31,540052,35627,7161,42788
2023-11-30,540052,54809,7176,61985
2023-12-31,540052,59583,8768,68351
2024-01-31,540052,53135,8478,61613
2024-02-29,540052,47375,9080,56455
2024-03-31,540052,51025,9627,60652
2024-04-30,540052,50859,9170,60029
2024-05-31,540052,60470,9853,70323
2023-05-31,545004,87,4,91
2023-06-30,545004,309071,69507,378578
2023-07-31,545004,287581,70438,358019
2023-08-31,545004,301714,72850,374564
2023-09-30,545004,258461,66848,325309
2023-10-31,545004,265060,83718,348778
2023-11-30,545004,278124,69689,347813
2023-12-31,545004,332972,77890,410862
2024-01-31,545004,307637,72527,380164
2024-02-29,545004,306209,78969,385178
2024-03-31,545004,297827,78249,376076
2024-04-30,545004,291890,79542,371432
2024-05-31,545004,305853,80342,386195
2023-05-31,545005,53,2,55
2023-06-30,545005,303003,72323,375326
2023-07-31,545005,274486,72907,347393
2023-08-31,545005,292691,74264,366955
2023-09-30,545005,241118,67912,309030
2023-10-31,545005,242014,84668,326682
2023-11-30,545005,259158,72602,331760
2023-12-31,545005,314477,83607,398084
2024-01-31,545005,288309,77345,365654
2024-02-29,545005,289828,83597,373425
2024-03-31,545005,278375,80414,358789
2024-04-30,545005,276181,83983,360164
2024-05-31,545005,288536,86019,374555
2023-05-31,545006,124,3,127
2023-06-30,545006,292848,75978,368826
2023-07-31,545006,268068,75236,343304
2023-08-31,545006,285309,76133,361442
2023-09-30,545006,232257,69284,301541
2023-10-31,545006,238523,87863,326386
2023-11-30,545006,257213,75678,332891
2023-12-31,545006,310061,86827,396888
2024-01-31,545006,283747,80761,364508
2024-02-29,545006,288274,87498,375772
2024-03-31,545006,277856,86701,364557
2024-04-30,545006,293090,86718,379808
2024-05-31,545006,283123,88456,371579
2023-05-31,545007,2,0,2
2023-06-30,545007,18976,5375,24351
2023-07-31,545007,17828,5622,23450
2023-08-31,545007,18691,6502,25193
2023-09-30,545007,16335,4928,21263
2023-10-31,545007,16378,6123,22501
2023-11-30,545007,17146,4651,21797
2023-12-31,545007,18395,5524,23919
2024-01-31,545007,18279,4218,22497
2024-02-29,545007,17619,4467,22086
2024-03-31,545007,17959,4773,22732
2024-04-30,545007,20660,4675,25335
2024-05-31,545007,18735,4580,23315
2023-05-31,545008,17,4,21
2023-06-30,545008,21891,6515,28406
2023-07-31,545008,20255,6194,26449
2023-08-31,545008,19889,7314,27203
2023-09-30,545008,19001,5904,24905
2023-10-31,545008,19231,7367,26598
2023-11-30,545008,20090,5906,25996
2023-12-31,545008,23658,7148,30806
2024-01-31,545008,23762,6368,30130
2024-02-29,545008,23373,6997,30370
2024-03-31,545008,24592,7687,32279
2024-04-30,545008,26286,7199,33485
2024-05-31,545008,25668,7218,32886
2023-06-30,570038,36131,8350,44481
2023-07-31,570038,31448,6981,38429
2023-08-31,570038,37039,7309,44348
2023-09-30,570038,60117,7449,67566
2023-10-31,570038,31661,7735,39396
2023-11-30,570038,36844,6480,43324
2023-12-31,570038,33112,7364,40476
2024-01-31,570038,28133,6760,34893
2024-02-29,570038,33926,8415,42341
2024-03-31,570038,31077,6688,37765
2024-04-30,570038,28815,5812,34627
2024-05-31,570038,27083,5404,32487
2023-05-31,570039,5,4,9
2023-06-30,570039,65495,50281,115776
2023-07-31,570039,59934,47820,107754
2023-08-31,570039,58111,49404,107515
2023-09-30,570039,52905,44286,97191
2023-10-31,570039,48647,56393,105040
2023-11-30,570039,59276,49094,108370
2023-12-31,570039,62988,55305,118293
2024-01-31,570039,50210,49575,99785
2024-02-29,570039,50916,54436,105352
2024-03-31,570039,60267,56135,116402
2024-04-30,570039,58837,51481,110318
2024-05-31,570039,56108,54962,111070
2023-06-30,570040,20671,3613,24284
2023-07-31,570040,17558,3382,20940
2023-08-31,570040,18368,3131,21499
2023-09-30,570040,16422,2698,19120
2023-10-31,570040,18742,3555,22297
2023-11-30,570040,21598,2967,24565
2023-12-31,570040,20459,3521,23980
2024-01-31,570040,20111,3624,23735
2024-02-29,570040,24431,5464,29895
2024-03-31,570040,22445,5448,27893
2024-04-30,570040,24684,3843,28527
2024-05-31,570040,23510,3163,26673
2023-05-31,570041,25,7,32
2023-06-30,570041,182371,39322,221693
2023-07-31,570041,179766,39252,219018
2023-08-31,570041,177342,40773,218115
2023-09-30,570041,168114,38586,206700
2023-10-31,570041,169390,43828,213218
2023-11-30,570041,184396,39520,223916
2023-12-31,570041,196704,45067,241771
2024-01-31,570041,185959,40303,226262
2024-02-29,570041,196560,43832,240392
2024-03-31,570041,193900,47592,241492
2024-04-30,570041,178750,43412,222162
2024-05-31,570041,185392,44667,230059
2023-05-31,570042,58,9,67
2023-06-30,570042,32836,8498,41334
2023-07-31,570042,30253,8107,38360
2023-08-31,570042,31854,10438,42292
2023-09-30,570042,30939,8919,39858
2023-10-31,570042,32352,10828,43180
2023-11-30,570042,35966,9121,45087
2023-12-31,570042,38840,10909,49749
2024-01-31,570042,35185,11211,46396
2024-02-29,570042,38888,12205,51093
2024-03-31,570042,41192,14639,55831
2024-04-30,570042,37820,12922,50742
2024-05-31,570042,37991,12921,50912
2023-05-31,570043,38,1,39
2023-06-30,570043,25754,3066,28820
2023-07-31,570043,21851,2281,24132
2023-08-31,570043,22993,2554,25547
2023-09-30,570043,25131,2885,28016
2023-10-31,570043,25189,3524,28713
2023-11-30,570043,27461,2804,30265
2023-12-31,570043,30920,3366,34286
2024-01-31,570043,25730,3347,29077
2024-02-29,570043,28799,4389,33188
2024-03-31,570043,37212,6190,43402
2024-04-30,570043,36654,4473,41127
2024-05-31,570043,33349,4524,37873
2023-06-30,570056,28219,138,28357
2023-07-31,570056,30730,153,30883
2023-08-31,570056,28007,216,28223
2023-09-30,570056,21604,234,21838
2023-10-31,570056,19510,370,19880
2023-11-30,570056,23984,221,24205
2023-12-31,570056,27682,225,27907
2024-01-31,570056,19823,174,19997
2024-02-29,570056,14808,174,14982
2024-03-31,570056,18109,181,18290
2024-04-30,570056,18000,163,18163
2024-05-31,570056,28170,208,28378
2023-05-31,1002,37,30,67
2023-06-30,1002,902979,539176,1442155
2023-07-31,1002,819912,545719,1365631
2023-08-31,1002,904403,577694,1482097
2023-09-30,1002,823521,524820,1348341
2023-10-31,1002,918630,613870,1532500
2023-11-30,1002,1274077,525185,1799262
2023-12-31,1002,1155274,642028,1797302
2024-01-31,1002,1061744,594964,1656708
2024-02-29,1002,1031775,615900,1647675
2024-03-31,1002,732785,558370,1291155
2024-04-30,1002,712551,490673,1203224
2024-05-31,1002,778295,513769,1292064
2023-05-31,2001,993,1249,2242
2023-06-30,2001,562677,499051,1061728
2023-07-31,2001,501670,494823,996493
2023-08-31,2001,540100,522708,1062808
2023-09-30,2001,501484,477204,978688
2023-10-31,2001,540788,558588,1099376
2023-11-30,2001,710127,477176,1187303
2023-12-31,2001,691287,572035,1263322
2024-01-31,2001,634117,533186,1167303
2024-02-29,2001,589067,551830,1140897
2024-03-31,2001,565365,571770,1137135
2024-04-30,2001,544107,523597,1067704
2024-05-31,2001,665968,562302,1228270
2023-05-31,2002,33,61,94
2023-06-30,2002,438186,434142,872328
2023-07-31,2002,351602,432453,784055
2023-08-31,2002,393111,465359,858470
2023-09-30,2002,370788,415676,786464
2023-10-31,2002,415676,485732,901408
2023-11-30,2002,548752,424897,973649
2023-12-31,2002,560431,494318,1054749
2024-01-31,2002,505154,452443,957597
2024-02-29,2002,428387,459696,888083
2024-03-31,2002,371240,478503,849743
2024-04-30,2002,360381,404000,764381
2024-05-31,2002,390782,410191,800973
2023-05-31,2003,18,23,41
2023-06-30,2003,417821,456165,873986
2023-07-31,2003,336319,445199,781518
2023-08-31,2003,375306,485942,861248
2023-09-30,2003,355276,433264,788540
2023-10-31,2003,400461,504647,905108
2023-11-30,2003,514951,433041,947992
2023-12-31,2003,515171,510507,1025678
2024-01-31,2003,471590,471846,943436
2024-02-29,2003,433312,490808,924120
2024-03-31,2003,409185,509824,919009
2024-04-30,2003,418302,464770,883072
2024-05-31,2003,477692,493786,971478
2023-05-31,2004,53,40,93
2023-06-30,2004,635803,560517,1196320
2023-07-31,2004,597026,565088,1162114
2023-08-31,2004,647555,600669,1248224
2023-09-30,2004,618371,545949,1164320
2023-10-31,2004,702146,649308,1351454
2023-11-30,2004,901850,553234,1455084
2023-12-31,2004,821451,658703,1480154
2024-01-31,2004,700463,621833,1322296
2024-02-29,2004,668225,649211,1317436
2024-03-31,2004,625573,669132,1294705
2024-04-30,2004,642908,619489,1262397
2024-05-31,2004,709585,653045,1362630
2023-05-31,6002,26,17,43
2023-06-30,6002,273447,228881,502328
2023-07-31,6002,252612,242195,494807
2023-08-31,6002,261823,254276,516099
2023-09-30,6002,240992,218272,459264
2023-10-31,6002,258975,269392,528367
2023-11-30,6002,297830,220847,518677
2023-12-31,6002,302725,267474,570199
2024-01-31,6002,283642,249868,533510
2024-02-29,6002,288221,265283,553504
2024-03-31,6002,273134,268451,541585
2024-04-30,6002,275360,233585,508945
2024-05-31,6002,299181,252709,551890
2023-05-31,7001,913,109,1022
2023-06-30,7001,1687900,132946,1820846
2023-07-31,7001,1677444,140640,1818084
2023-08-31,7001,1612521,147068,1759589
2023-09-30,7001,1467081,134645,1601726
2023-10-31,7001,1668175,164168,1832343
2023-11-30,7001,1595715,127951,1723666
2023-12-31,7001,1677205,164247,1841452
2024-01-31,7001,1536050,157009,1693059
2024-02-29,7001,1532604,174082,1706686
2024-03-31,7001,1496347,173482,1669829
2024-04-30,7001,1405074,160937,1566011
2024-05-31,7001,1397170,163983,1561153
2023-05-31,7002,2,0,2
2023-06-30,7002,30499,30,30529
2023-07-31,7002,34530,43,34573
2023-08-31,7002,27256,41,27297
2023-09-30,7002,24846,43,24889
2023-10-31,7002,25606,44,25650
2023-11-30,7002,23663,22,23685
2023-12-31,7002,26386,29,26415
2024-01-31,7002,22847,41,22888
2024-02-29,7002,24208,63,24271
2024-03-31,7002,25006,59,25065
2024-04-30,7002,23287,45,23332
2024-05-31,7002,25060,87,25147
2023-05-31,8001,27,29,56
2023-06-30,8001,548682,431980,980662
2023-07-31,8001,519703,441174,960877
2023-08-31,8001,536251,449233,985484
2023-09-30,8001,497122,398963,896085
2023-10-31,8001,549761,475085,1024846
2023-11-30,8001,587592,395341,982933
2023-12-31,8001,620739,457447,1078186
2024-01-31,8001,563056,420526,983582
2024-02-29,8001,568948,443341,1012289
2024-03-31,8001,550008,459631,1009639
2024-04-30,8001,535863,421922,957785
2024-05-31,8001,575030,446286,1021316
2023-05-31,8002,4,6,10
2023-06-30,8002,477324,460088,937412
2023-07-31,8002,446465,459795,906260
2023-08-31,8002,447547,477162,924709
2023-09-30,8002,420980,431553,852533
2023-10-31,8002,444792,518622,963414
2023-11-30,8002,490909,428912,919821
2023-12-31,8002,523030,496112,1019142
2024-01-31,8002,473886,458247,932133
2024-02-29,8002,473728,487669,961397
2024-03-31,8002,465477,507618,973095
2024-04-30,8002,446181,456976,903157
2024-05-31,8002,480859,483031,963890
2023-05-31,9001,52,33,85
2023-06-30,9001,471936,426172,898108
2023-07-31,9001,408157,406877,815034
2023-08-31,9001,429917,432896,862813
2023-09-30,9001,426636,387454,814090
2023-10-31,9001,446333,470698,917031
2023-11-30,9001,426198,364439,790637
2023-12-31,9001,473048,419772,892820
2024-01-31,9001,409348,378428,787776
2024-02-29,9001,403538,407499,811037
2024-03-31,9001,438566,414217,852783
2024-04-30,9001,410096,378999,789095
2024-05-31,9001,426592,399670,826262
2023-05-31,16001,1,1,2
2023-06-30,16001,102430,169708,272138
2023-07-31,16001,96584,167876,264460
2023-08-31,16001,99241,168580,267821
2023-09-30,16001,90234,148489,238723
2023-10-31,16001,104489,163703,268192
2023-11-30,16001,113265,147368,260633
2023-12-31,16001,131515,172407,303922
2024-01-31,16001,120065,170340,290405
2024-02-29,16001,120118,180339,300457
2024-03-31,16001,120616,195744,316360
2024-04-30,16001,129811,174448,304259
2024-05-31,16001,131458,191890,323348
2023-05-31,16002,1,4,5
2023-06-30,16002,120490,184862,305352
2023-07-31,16002,113334,180669,294003
2023-08-31,16002,115818,183277,299095
2023-09-30,16002,104681,160426,265107
2023-10-31,16002,125740,176587,302327
2023-11-30,16002,132283,164185,296468
2023-12-31,16002,150945,190174,341119
2024-01-31,16002,139175,186394,325569
2024-02-29,16002,139766,192251,332017
2024-03-31,16002,138697,204950,343647
2024-04-30,16002,137482,172795,310277
2024-05-31,16002,142403,189372,331775
2023-05-31,16003,15,19,34
2023-06-30,16003,216959,255962,472921
2023-07-31,16003,207578,248508,456086
2023-08-31,16003,214021,262100,476121
2023-09-30,16003,193157,236233,429390
2023-10-31,16003,225550,254421,479971
2023-11-30,16003,235518,240324,475842
2023-12-31,16003,266761,269048,535809
2024-01-31,16003,245438,262720,508158
2024-02-29,16003,241481,255349,496830
2024-03-31,16003,237490,275310,512800
2024-04-30,16003,248044,245973,494017
2024-05-31,16003,265386,274930,540316
2023-05-31,17001,11,14,25
2023-06-30,17001,479104,272669,751773
2023-07-31,17001,463840,274712,738552
2023-08-31,17001,494066,280289,774355
2023-09-30,17001,471913,245089,717002
2023-10-31,17001,557328,270689,828017
2023-11-30,17001,550475,250807,801282
2023-12-31,17001,599661,290439,890100
2024-01-31,17001,525769,268857,794626
2024-02-29,17001,520142,276721,796863
2024-03-31,17001,516696,297348,814044
2024-04-30,17001,547624,262477,810101
2024-05-31,17001,597014,282348,879362
2023-05-31,17002,7,6,13
2023-06-30,17002,399707,259545,659252
2023-07-31,17002,382719,258166,640885
2023-08-31,17002,401370,263268,664638
2023-09-30,17002,380388,229064,609452
2023-10-31,17002,455973,253747,709720
2023-11-30,17002,454505,234953,689458
2023-12-31,17002,509462,270505,779967
2024-01-31,17002,442706,251032,693738
2024-02-29,17002,430156,260927,691083
2024-03-31,17002,429636,280761,710397
2024-04-30,17002,453023,246703,699726
2024-05-31,17002,506275,269171,775446
2023-05-31,18001,213,5,218
2023-06-30,18001,751868,154856,906724
2023-07-31,18001,715632,149916,865548
2023-08-31,18001,763464,149315,912779
2023-09-30,18001,687901,134329,822230
2023-10-31,18001,742249,143213,885462
2023-11-30,18001,711275,124161,835436
2023-12-31,18001,764588,136812,901400
2024-01-31,18001,887389,133497,1020886
2024-02-29,18001,691999,147763,839762
2024-03-31,18001,719935,159754,879689
2024-04-30,18001,745855,137838,883693
2024-05-31,18001,887327,142692,1030019
2023-05-31,27001,14,8,22
2023-06-30,27001,270091,240516,510607
2023-07-31,27001,251305,250640,501945
2023-08-31,27001,268443,261064,529507
2023-09-30,27001,236099,258828,494927
2023-10-31,27001,245521,312466,557987
2023-11-30,27001,283512,256757,540269
2023-12-31,27001,300891,294417,595308
2024-01-31,27001,277076,278520,555596
2024-02-29,27001,281457,299673,581130
2024-03-31,27001,279754,334275,614029
2024-04-30,27001,285935,298133,584068
2024-05-31,27001,291056,286685,577741
2023-05-31,28001,4,8,12
2023-06-30,28001,474564,357145,831709
2023-07-31,28001,423716,312852,736568
2023-08-31,28001,421396,309959,731355
2023-09-30,28001,380349,308537,688886
2023-10-31,28001,443097,341559,784656
2023-11-30,28001,503459,314606,818065
2023-12-31,28001,509406,352153,861559
2024-01-31,28001,420699,313760,734459
2024-02-29,28001,493140,347895,841035
2024-03-31,28001,492337,360032,852369
2024-04-30,28001,480645,335030,815675
2024-05-31,28001,439611,343843,783454
2023-05-31,28002,3,1,4
2023-06-30,28002,255145,221634,476779
2023-07-31,28002,202384,200808,403192
2023-08-31,28002,200601,207967,408568
2023-09-30,28002,185846,201380,387226
2023-10-31,28002,221011,249583,470594
2023-11-30,28002,278283,234669,512952
2023-12-31,28002,257397,246028,503425
2024-01-31,28002,213616,216705,430321
2024-02-29,28002,252167,229738,481905
2024-03-31,28002,261351,242472,503823
2024-04-30,28002,251602,225726,477328
2024-05-31,28002,214952,234798,449750
2023-05-31,29001,0,3,3
2023-06-30,29001,64764,91253,156017
2023-07-31,29001,52748,95106,147854
2023-08-31,29001,54533,95899,150432
2023-09-30,29001,44732,92311,137043
2023-10-31,29001,59467,103354,162821
2023-11-30,29001,52627,98958,151585
2023-12-31,29001,67328,104485,171813
2024-01-31,29001,61154,101438,162592
2024-02-29,29001,50955,103650,154605
2024-03-31,29001,63186,113588,176774
2024-04-30,29001,52463,101334,153797
2024-05-31,29001,51934,109008,160942
2023-05-31,29002,8,9,17
2023-06-30,29002,91623,108034,199657
2023-07-31,29002,79926,109346,189272
2023-08-31,29002,80349,109635,189984
2023-09-30,29002,70761,104452,175213
2023-10-31,29002,90441,115519,205960
2023-11-30,29002,84152,116538,200690
2023-12-31,29002,103036,125948,228984
2024-01-31,29002,97320,121434,218754
2024-02-29,29002,84681,122392,207073
2024-03-31,29002,99894,131342,231236
2024-04-30,29002,84838,120503,205341
2024-05-31,29002,86748,129775,216523
2023-05-31,30001,0,1,1
2023-06-30,30001,237317,82590,319907
2023-07-31,30001,205839,72897,278736
2023-08-31,30001,169559,69953,239512
2023-09-30,30001,184766,71149,255915
2023-10-31,30001,210260,81801,292061
2023-11-30,30001,229018,75950,304968
2023-12-31,30001,219043,74152,293195
2024-01-31,30001,201747,68807,270554
2024-02-29,30001,196000,71079,267079
2024-03-31,30001,234822,84522,319344
2024-04-30,30001,215516,80395,295911
2024-05-31,30001,223208,80334,303542
2023-05-31,35002,341,18,359
2023-06-30,35002,1142133,292453,1434586
2023-07-31,35002,1169689,308507,1478196
2023-08-31,35002,1196841,318139,1514980
2023-09-30,35002,1026618,283484,1310102
2023-10-31,35002,1177527,305694,1483221
2023-11-30,35002,1183718,282368,1466086
2023-12-31,35002,1221222,320121,1541343
2024-01-31,35002,1157860,294343,1452203
2024-02-29,35002,1080981,313524,1394505
2024-03-31,35002,1106197,329123,1435320
2024-04-30,35002,1121406,287080,1408486
2024-05-31,35002,1223777,304057,1527834
2023-05-31,36001,104,3,107
2023-06-30,36001,600336,99552,699888
2023-07-31,36001,572850,107341,680191
2023-08-31,36001,619495,109000,728495
2023-09-30,36001,547377,99089,646466
2023-10-31,36001,602375,102201,704576
2023-11-30,36001,577827,88985,666812
2023-12-31,36001,663955,97649,761604
2024-01-31,36001,676968,90872,767840
2024-02-29,36001,559651,101322,660973
2024-03-31,36001,579615,110178,689793
2024-04-30,36001,588342,95136,683478
2024-05-31,36001,725565,99581,825146
2023-05-31,39001,41,11,52
2023-06-30,39001,1417201,249907,1667108
2023-07-31,39001,1151422,276689,1428111
2023-08-31,39001,1232211,268528,1500739
2023-09-30,39001,1152157,263755,1415912
2023-10-31,39001,1333455,336914,1670369
2023-11-30,39001,1412996,314140,1727136
2023-12-31,39001,1488955,300804,1789759
2024-01-31,39001,1339292,249761,1589053
2024-02-29,39001,1133281,234590,1367871
2024-03-31,39001,1335824,264894,1600718
2024-04-30,39001,1320118,255518,1575636
2024-05-31,39001,1358151,267359,1625510
2023-05-31,40001,36,49,85
2023-06-30,40001,558558,401427,959985
2023-07-31,40001,458981,395138,854119
2023-08-31,40001,515447,435783,951230
2023-09-30,40001,482019,392162,874181
2023-10-31,40001,552606,464159,1016765
2023-11-30,40001,679350,410667,1090017
2023-12-31,40001,696949,468138,1165087
2024-01-31,40001,584998,403622,988620
2024-02-29,40001,478019,386895,864914
2024-03-31,40001,430252,398766,829018
2024-04-30,40001,423478,406459,829937
2024-05-31,40001,489450,398782,888232
2023-05-31,41001,481,65,546
2023-06-30,41001,462565,55670,518235
2023-07-31,41001,438737,48773,487510
2023-08-31,41001,457424,57012,514436
2023-09-30,41001,460045,54006,514051
2023-10-31,41001,507890,72859,580749
2023-11-30,41001,536145,66347,602492
2023-12-31,41001,542398,73785,616183
2024-01-31,41001,496215,60009,556224
2024-02-29,41001,376230,38385,414615
2024-03-31,41001,627451,59017,686468
2024-04-30,41001,508081,50596,558677
2024-05-31,41001,509119,56034,565153
2023-05-31,41002,268,30,298
2023-06-30,41002,446969,34004,480973
2023-07-31,41002,415980,33980,449960
2023-08-31,41002,379179,30741,409920
2023-09-30,41002,386636,33682,420318
2023-10-31,41002,435701,41632,477333
2023-11-30,41002,441596,38842,480438
2023-12-31,41002,452849,42564,495413
2024-01-31,41002,410599,34377,444976
2024-02-29,41002,342417,25229,367646
2024-03-31,41002,509844,35519,545363
2024-04-30,41002,435634,35052,470686
2024-05-31,41002,422417,38592,461009
2023-05-31,48002,13,11,24
2023-06-30,48002,301363,251902,553265
2023-07-31,48002,291290,262395,553685
2023-08-31,48002,295097,265445,560542
2023-09-30,48002,250743,243695,494438
2023-10-31,48002,280673,271053,551726
2023-11-30,48002,270861,235163,506024
2023-12-31,48002,291542,249725,541267
2024-01-31,48002,292573,246519,539092
2024-02-29,48002,276400,268119,544519
2024-03-31,48002,297631,290131,587762
2024-04-30,48002,291921,257098,549019
2024-05-31,48002,341527,270317,611844
2023-05-31,48003,53,43,96
2023-06-30,48003,404579,256981,661560
2023-07-31,48003,388020,261201,649221
2023-08-31,48003,390229,264093,654322
2023-09-30,48003,328075,238081,566156
2023-10-31,48003,379532,261721,641253
2023-11-30,48003,353505,232732,586237
2023-12-31,48003,368795,243014,611809
2024-01-31,48003,367001,239591,606592
2024-02-29,48003,349853,256538,606391
2024-03-31,48003,368676,276500,645176
2024-04-30,48003,356620,245140,601760
2024-05-31,48003,403950,262415,666365
2023-05-31,48004,64,37,101
2023-06-30,48004,435787,93168,528955
2023-07-31,48004,363011,88845,451856
2023-08-31,48004,419079,94849,513928
2023-09-30,48004,363392,80773,444165
2023-10-31,48004,434735,89542,524277
2023-11-30,48004,390657,87439,478096
2023-12-31,48004,452943,89899,542842
2024-01-31,48004,503216,86353,589569
2024-02-29,48004,411695,95196,506891
2024-03-31,48004,438693,102073,540766
2024-04-30,48004,428270,97337,525607
2024-05-31,48004,490476,89161,579637
2023-05-31,49001,37,8,45
2023-06-30,49001,874782,200378,1075160
2023-07-31,49001,840477,196430,1036907
2023-08-31,49001,867357,203160,1070517
2023-09-30,49001,742194,185771,927965
2023-10-31,49001,850015,204261,1054276
2023-11-30,49001,819973,192176,1012149
2023-12-31,49001,885592,195490,1081082
2024-01-31,49001,869949,181158,1051107
2024-02-29,49001,835392,191813,1027205
2024-03-31,49001,880219,204469,1084688
2024-04-30,49001,840883,181373,1022256
2024-05-31,49001,867201,187904,1055105
2023-05-31,50001,62,34,96
2023-06-30,50001,607936,132348,740284
2023-07-31,50001,436919,89528,526447
2023-08-31,50001,426765,101524,528289
2023-09-30,50001,467938,126386,594324
2023-10-31,50001,538007,156768,694775
2023-11-30,50001,601853,142557,744410
2023-12-31,50001,583271,150489,733760
2024-01-31,50001,499827,123404,623231
2024-02-29,50001,532862,130308,663170
2024-03-31,50001,583313,124446,707759
2024-04-30,50001,580766,125973,706739
2024-05-31,50001,588724,134998,723722
2023-05-31,50002,18,3,21
2023-06-30,50002,343312,121715,465027
2023-07-31,50002,281875,94856,376731
2023-08-31,50002,276582,101853,378435
2023-09-30,50002,275932,112200,388132
2023-10-31,50002,319714,141472,461186
2023-11-30,50002,357966,132564,490530
2023-12-31,50002,333006,134841,467847
2024-01-31,50002,284428,110836,395264
2024-02-29,50002,321801,115579,437380
2024-03-31,50002,340467,116741,457208
2024-04-30,50002,330910,116515,447425
2024-05-31,50002,316131,123248,439379
2023-05-31,57001,22,3,25
2023-06-30,57001,318978,88947,407925
2023-07-31,57001,305795,91782,397577
2023-08-31,57001,344558,92955,437513
2023-09-30,57001,299690,86376,386066
2023-10-31,57001,346833,95006,441839
2023-11-30,57001,335434,83467,418901
2023-12-31,57001,376074,99971,476045
2024-01-31,57001,367754,90398,458152
2024-02-29,57001,325291,96890,422181
2024-03-31,57001,321631,100135,421766
2024-04-30,57001,325950,86364,412314
2024-05-31,57001,371460,90428,461888
2023-05-31,58001,286,58,344
2023-06-30,58001,493105,96944,590049
2023-07-31,58001,467492,106044,573536
2023-08-31,58001,492134,100520,592654
2023-09-30,58001,437074,89814,526888
2023-10-31,58001,489552,101794,591346
2023-11-30,58001,471417,87064,558481
2023-12-31,58001,492857,98107,590964
2024-01-31,58001,510064,87476,597540
2024-02-29,58001,461717,103516,565233
2024-03-31,58001,459400,105478,564878
2024-04-30,58001,465128,86690,551818
2024-05-31,58001,529519,87691,617210
2023-05-31,58002,75,1,76
2023-06-30,58002,371428,76001,447429
2023-07-31,58002,352992,81398,434390
2023-08-31,58002,374982,81923,456905
2023-09-30,58002,332079,73535,405614
2023-10-31,58002,366012,81358,447370
2023-11-30,58002,345578,65956,411534
2023-12-31,58002,368407,76923,445330
2024-01-31,58002,397371,72279,469650
2024-02-29,58002,359729,87850,447579
2024-03-31,58002,357037,86259,443296
2024-04-30,58002,358777,70111,428888
2024-05-31,58002,410236,67788,478024
2023-05-31,58003,343,9,352
2023-06-30,58003,294314,52527,346841
2023-07-31,58003,278467,55705,334172
2023-08-31,58003,289582,55172,344754
2023-09-30,58003,261092,50057,311149
2023-10-31,58003,289274,54071,343345
2023-11-30,58003,273769,46173,319942
2023-12-31,58003,296397,51618,348015
2024-01-31,58003,320092,47658,367750
2024-02-29,58003,274422,53543,327965
2024-03-31,58003,280533,57309,337842
2024-04-30,58003,292118,49776,341894
2024-05-31,58003,330505,52171,382676
2023-05-31,59001,38,10,48
2023-06-30,59001,261032,52898,313930
2023-07-31,59001,248773,53973,302746
2023-08-31,59001,260730,53226,313956
2023-09-30,59001,233890,49275,283165
2023-10-31,59001,252797,59263,312060
2023-11-30,59001,247501,42032,289533
2023-12-31,59001,254156,52989,307145
2024-01-31,59001,272486,49540,322026
2024-02-29,59001,252214,55272,307486
2024-03-31,59001,253434,55220,308654
2024-04-30,59001,252232,44326,296558
2024-05-31,59001,283622,43174,326796
2023-05-31,59002,10,4,14
2023-06-30,59002,262408,88647,351055
2023-07-31,59002,251757,88608,340365
2023-08-31,59002,268333,87823,356156
2023-09-30,59002,235897,80221,316118
2023-10-31,59002,255123,91985,347108
2023-11-30,59002,251094,69710,320804
2023-12-31,59002,251556,88735,340291
2024-01-31,59002,271892,83099,354991
2024-02-29,59002,248510,93315,341825
2024-03-31,59002,256539,97155,353694
2024-04-30,59002,252100,77055,329155
2024-05-31,59002,279607,76518,356125
2023-05-31,73001,23,2,25
2023-06-30,73001,285596,140990,426586
2023-07-31,73001,262945,140668,403613
2023-08-31,73001,271478,144236,415714
2023-09-30,73001,230271,132398,362669
2023-10-31,73001,265064,141607,406671
2023-11-30,73001,248261,130564,378825
2023-12-31,73001,267416,136534,403950
2024-01-31,73001,267737,124716,392453
2024-02-29,73001,248727,135166,383893
2024-03-31,73001,265594,145611,411205
2024-04-30,73001,256867,133711,390578
2024-05-31,73001,279777,142992,422769
2023-05-31,73002,32,5,37
2023-06-30,73002,374468,271816,646284
2023-07-31,73002,344821,280226,625047
2023-08-31,73002,355481,283297,638778
2023-09-30,73002,305537,239302,544839
2023-10-31,73002,347714,265364,613078
2023-11-30,73002,325466,238909,564375
2023-12-31,73002,351546,253566,605112
2024-01-31,73002,356274,237333,593607
2024-02-29,73002,314416,252333,566749
2024-03-31,73002,339825,269944,609769
2024-04-30,73002,334191,240909,575100
2024-05-31,73002,385361,251407,636768
2023-05-31,73003,24,21,45
2023-06-30,73003,302580,233360,535940
2023-07-31,73003,287906,236955,524861
2023-08-31,73003,297101,240282,537383
2023-09-30,73003,251605,222437,474042
2023-10-31,73003,288798,240320,529118
2023-11-30,73003,268883,217182,486065
2023-12-31,73003,295021,228399,523420
2024-01-31,73003,293944,214512,508456
2024-02-29,73003,264711,232967,497678
2024-03-31,73003,284839,253253,538092
2024-04-30,73003,276877,226025,502902
2024-05-31,73003,314026,236693,550719
2023-05-31,78001,15,5,20
2023-06-30,78001,298671,167003,465674
2023-07-31,78001,261624,165073,426697
2023-08-31,78001,287292,174352,461644
2023-09-30,78001,245755,161329,407084
2023-10-31,78001,282980,185762,468742
2023-11-30,78001,271207,165934,437141
2023-12-31,78001,306426,179932,486358
2024-01-31,78001,274354,163674,438028
2024-02-29,78001,278691,178881,457572
2024-03-31,78001,279593,195435,475028
2024-04-30,78001,288958,179318,468276
2024-05-31,78001,311662,189594,501256
2023-05-31,79001,1,0,1
2023-06-30,79001,455949,182203,638152
2023-07-31,79001,418849,176768,595617
2023-08-31,79001,448514,190853,639367
2023-09-30,79001,399446,174226,573672
2023-10-31,79001,478130,195763,673893
2023-11-30,79001,439454,177191,616645
2023-12-31,79001,491014,184808,675822
2024-01-31,79001,481185,181937,663122
2024-02-29,79001,452660,213596,666256
2024-03-31,79001,446607,202993,649600
2024-04-30,79001,456381,172846,629227
2024-05-31,79001,497047,185705,682752
2023-05-31,84001,2,0,2
2023-06-30,84001,109489,90902,200391
2023-07-31,84001,84045,85953,169998
2023-08-31,84001,73371,85672,159043
2023-09-30,84001,65696,80572,146268
2023-10-31,84001,74373,95090,169463
2023-11-30,84001,87539,91385,178924
2023-12-31,84001,91381,106128,197509
2024-01-31,84001,73756,91914,165670
2024-02-29,84001,78006,98735,176741
2024-03-31,84001,80283,108831,189114
2024-04-30,84001,75312,104426,179738
2024-05-31,84001,76252,106087,182339
2023-05-31,85001,1,1,2
2023-06-30,85001,115949,98587,214536
2023-07-31,85001,90453,94634,185087
2023-08-31,85001,81754,94604,176358
2023-09-30,85001,76097,87573,163670
2023-10-31,85001,89924,104056,193980
2023-11-30,85001,105530,100880,206410
2023-12-31,85001,108942,115637,224579
2024-01-31,85001,88415,98039,186454
2024-02-29,85001,97351,106223,203574
2024-03-31,85001,105835,115156,220991
2024-04-30,85001,104231,113396,217627
2024-05-31,85001,97952,118741,216693
2023-05-31,87001,1,0,1
2023-06-30,87001,169061,126802,295863
2023-07-31,87001,140046,115933,255979
2023-08-31,87001,131804,112579,244383
2023-09-30,87001,124477,103599,228076
2023-10-31,87001,143415,125356,268771
2023-11-30,87001,178260,126945,305205
2023-12-31,87001,174705,153387,328092
2024-01-31,87001,132644,126049,258693
2024-02-29,87001,154544,139729,294273
2024-03-31,87001,159564,149489,309053
2024-04-30,87001,164540,151233,315773
2024-05-31,87001,143484,152085,295569
2023-05-31,91001,3,1,4
2023-06-30,91001,119339,176521,295860
2023-07-31,91001,81230,175006,256236
2023-08-31,91001,88252,173533,261785
2023-09-30,91001,77909,156644,234553
2023-10-31,91001,95784,190819,286603
2023-11-30,91001,91167,163982,255149
2023-12-31,91001,105151,183703,288854
2024-01-31,91001,97384,173434,270818
2024-02-29,91001,96446,182423,278869
2024-03-31,91001,90743,194711,285454
2024-04-30,91001,95028,184281,279309
2024-05-31,91001,96692,200269,296961
2023-05-31,92001,2,3,5
2023-06-30,92001,160236,169429,329665
2023-07-31,92001,142712,165998,308710
2023-08-31,92001,147101,165480,312581
2023-09-30,92001,131031,151491,282522
2023-10-31,92001,160867,179705,340572
2023-11-30,92001,146339,158265,304604
2023-12-31,92001,169336,179329,348665
2024-01-31,92001,156967,169905,326872
2024-02-29,92001,157049,182280,339329
2024-03-31,92001,145372,189255,334627
2024-04-30,92001,157425,176435,333860
2024-05-31,92001,158649,193160,351809
2023-05-31,96001,11,67,78
2023-06-30,96001,181205,402903,584108
2023-07-31,96001,172226,477672,649898
2023-08-31,96001,186928,504759,691687
2023-09-30,96001,193296,414465,607761
2023-10-31,96001,202280,509009,711289
2023-11-30,96001,269157,427221,696378
2023-12-31,96001,237010,495086,732096
2024-01-31,96001,220298,450546,670844
2024-02-29,96001,220011,486732,706743
2024-03-31,96001,223866,494918,718784
2024-04-30,96001,214697,478300,692997
2024-05-31,96001,250051,504905,754956
2023-05-31,97001,3,2,5
2023-06-30,97001,106576,62052,168628
2023-07-31,97001,111520,78639,190159
2023-08-31,97001,115384,79502,194886
2023-09-30,97001,110580,62649,173229
2023-10-31,97001,122716,69924,192640
2023-11-30,97001,130626,61848,192474
2023-12-31,97001,146847,105938,252785
2024-01-31,97001,139838,106011,245849
2024-02-29,97001,139863,111141,251004
2024-03-31,97001,143824,114751,258575
2024-04-30,97001,142759,107414,250173
2024-05-31,97001,157097,111621,268718
2023-05-31,98001,0,3,3
2023-06-30,98001,99786,13544,113330
2023-07-31,98001,99267,12374,111641
2023-08-31,98001,106405,14954,121359
2023-09-30,98001,113565,10409,123974
2023-10-31,98001,103680,14127,117807
2023-11-30,98001,132343,14493,146836
2023-12-31,98001,128947,18322,147269
2024-01-31,98001,123758,15860,139618
2024-02-29,98001,128706,15210,143916
2024-03-31,98001,134396,14541,148937
2024-04-30,98001,128498,16866,145364
2024-05-31,98001,144653,18561,163214
2023-05-31,99001,2,1,3
2023-06-30,99001,116720,27131,143851
2023-07-31,99001,121131,22310,143441
2023-08-31,99001,123661,28463,152124
2023-09-30,99001,119386,21442,140828
2023-10-31,99001,126174,27949,154123
2023-11-30,99001,157883,26146,184029
2023-12-31,99001,146784,34323,181107
2024-01-31,99001,140877,32982,173859
2024-02-29,99001,145916,37514,183430
2024-03-31,99001,141611,41312,182923
2024-04-30,99001,135464,39037,174501
2024-05-31,99001,151996,41133,193129
2023-05-31,100001,1,4,5
2023-06-30,100001,237280,439601,676881
2023-07-31,100001,226660,516277,742937
2023-08-31,100001,240803,537119,777922
2023-09-30,100001,240590,457851,698441
2023-10-31,100001,251292,562565,813857
2023-11-30,100001,328162,486962,815124
2023-12-31,100001,283452,568040,851492
2024-01-31,100001,264095,533885,797980
2024-02-29,100001,268370,567867,836237
2024-03-31,100001,265872,576582,842454
2024-04-30,100001,262312,533735,796047
2024-05-31,100001,302287,567098,869385
2023-06-30,103001,103069,60494,163563
2023-07-31,103001,95625,55496,151121
2023-08-31,103001,99329,59480,158809
2023-09-30,103001,92399,56442,148841
2023-10-31,103001,101449,65138,166587
2023-11-30,103001,105925,55460,161385
2023-12-31,103001,106188,61903,168091
2024-01-31,103001,91824,58060,149884
2024-02-29,103001,97669,63717,161386
2024-03-31,103001,99148,73369,172517
2024-04-30,103001,89848,70974,160822
2024-05-31,103001,88610,73982,162592
2023-05-31,116001,35,13,48
2023-06-30,116001,1535405,303856,1839261
2023-07-31,116001,1401676,297559,1699235
2023-08-31,116001,1438398,307250,1745648
2023-09-30,116001,1312535,268802,1581337
2023-10-31,116001,1438033,289985,1728018
2023-11-30,116001,1747731,295335,2043066
2023-12-31,116001,1908315,332298,2240613
2024-01-31,116001,1655376,309962,1965338
2024-02-29,116001,1723543,322015,2045558
2024-03-31,116001,1704669,338597,2043266
2024-04-30,116001,1687031,292739,1979770
2024-05-31,116001,1859289,310855,2170144
2023-05-31,116003,135,6,141
2023-06-30,116003,2061384,76196,2137580
2023-07-31,116003,2130954,77847,2208801
2023-08-31,116003,2142255,82944,2225199
2023-09-30,116003,1973128,71595,2044723
2023-10-31,116003,2250593,75049,2325642
2023-11-30,116003,2212313,67208,2279521
2023-12-31,116003,2425956,74499,2500455
2024-01-31,116003,2296543,69667,2366210
2024-02-29,116003,2285882,72243,2358125
2024-03-31,116003,2359515,75383,2434898
2024-04-30,116003,2294761,61074,2355835
2024-05-31,116003,2419838,65131,2484969
2023-05-31,118001,17,7,24
2023-06-30,118001,552749,53275,606024
2023-07-31,118001,562453,56611,619064
2023-08-31,118001,578598,59612,638210
2023-09-30,118001,555834,53462,609296
2023-10-31,118001,656022,58720,714742
2023-11-30,118001,645177,58734,703911
2023-12-31,118001,691513,61582,753095
2024-01-31,118001,591954,58199,650153
2024-02-29,118001,590497,59279,649776
2024-03-31,118001,633719,62619,696338
2024-04-30,118001,662210,52693,714903
2024-05-31,118001,729399,57551,786950
2023-05-31,118002,15,2,17
2023-06-30,118002,419410,49566,468976
2023-07-31,118002,420619,48327,468946
2023-08-31,118002,431629,52430,484059
2023-09-30,118002,415879,46429,462308
2023-10-31,118002,518546,54243,572789
2023-11-30,118002,510604,52929,563533
2023-12-31,118002,549151,56572,605723
2024-01-31,118002,461938,50871,512809
2024-02-29,118002,439922,54672,494594
2024-03-31,118002,459466,55585,515051
2024-04-30,118002,510434,48911,559345
2024-05-31,118002,574003,52557,626560
2023-05-31,119001,37,17,54
2023-06-30,119001,1277103,138200,1415303
2023-07-31,119001,1314154,146107,1460261
2023-08-31,119001,1317795,147373,1465168
2023-09-30,119001,1203621,127838,1331459
2023-10-31,119001,1330190,143825,1474015
2023-11-30,119001,1331742,133898,1465640
2023-12-31,119001,1405834,145755,1551589
2024-01-31,119001,1374360,136828,1511188
2024-02-29,119001,1374468,142789,1517257
2024-03-31,119001,1369928,150752,1520680
2024-04-30,119001,1343440,129446,1472886
2024-05-31,119001,1487160,140072,1627232
2023-05-31,119002,3,0,3
2023-06-30,119002,376528,68116,444644
2023-07-31,119002,381168,69906,451074
2023-08-31,119002,385836,73049,458885
2023-09-30,119002,346296,68504,414800
2023-10-31,119002,383726,75705,459431
2023-11-30,119002,388583,68243,456826
2023-12-31,119002,400866,68678,469544
2024-01-31,119002,406580,63305,469885
2024-02-29,119002,377908,67619,445527
2024-03-31,119002,383976,74025,458001
2024-04-30,119002,382786,66445,449231
2024-05-31,119002,432137,77535,509672
2023-05-31,120001,3,3,6
2023-06-30,120001,352794,44126,396920
2023-07-31,120001,345912,41744,387656
2023-08-31,120001,354534,45849,400383
2023-09-30,120001,334380,39913,374293
2023-10-31,120001,417674,46346,464020
2023-11-30,120001,427352,44555,471907
2023-12-31,120001,456150,48732,504882
2024-01-31,120001,384647,44075,428722
2024-02-29,120001,361146,46809,407955
2024-03-31,120001,377241,47905,425146
2024-04-30,120001,413171,42185,455356
2024-05-31,120001,471754,45782,517536
2023-05-31,120002,4,2,6
2023-06-30,120002,374831,47019,421850
2023-07-31,120002,365005,43745,408750
2023-08-31,120002,374431,47727,422158
2023-09-30,120002,359579,42542,402121
2023-10-31,120002,454803,47518,502321
2023-11-30,120002,451040,46622,497662
2023-12-31,120002,482233,50750,532983
2024-01-31,120002,404606,46023,450629
2024-02-29,120002,382904,50299,433203
2024-03-31,120002,402819,51530,454349
2024-04-30,120002,451548,44296,495844
2024-05-31,120002,508426,47890,556316
2023-05-31,127004,2,2,4
2023-06-30,127004,43848,112129,155977
2023-07-31,127004,37013,117237,154250
2023-08-31,127004,35646,118339,153985
2023-09-30,127004,33643,109763,143406
2023-10-31,127004,36315,121508,157823
2023-11-30,127004,37224,103994,141218
2023-12-31,127004,43382,115770,159152
2024-01-31,127004,38307,106978,145285
2024-02-29,127004,41354,119017,160371
2024-03-31,127004,41999,127613,169612
2024-04-30,127004,39147,115875,155022
2024-05-31,127004,41996,129899,171895
2023-05-31,131001,5,4,9
2023-06-30,131001,169336,203801,373137
2023-07-31,131001,154019,210767,364786
2023-08-31,131001,169361,219186,388547
2023-09-30,131001,144123,208840,352963
2023-10-31,131001,144220,238784,383004
2023-11-30,131001,190598,193476,384074
2023-12-31,131001,196234,215537,411771
2024-01-31,131001,174315,206311,380626
2024-02-29,131001,171138,224984,396122
2024-03-31,131001,167682,248445,416127
2024-04-30,131001,169851,219858,389709
2024-05-31,131001,188400,212837,401237
2023-05-31,132001,25,25,50
2023-06-30,132001,323631,217350,540981
2023-07-31,132001,298719,220432,519151
2023-08-31,132001,308339,228625,536964
2023-09-30,132001,265715,209970,475685
2023-10-31,132001,289499,231845,521344
2023-11-30,132001,296795,193170,489965
2023-12-31,132001,324729,213240,537969
2024-01-31,132001,305582,202503,508085
2024-02-29,132001,314667,225895,540562
2024-03-31,132001,315991,256004,571995
2024-04-30,132001,322673,237241,559914
2024-05-31,132001,331139,235976,567115
2023-05-31,132002,9,5,14
2023-06-30,132002,245566,59234,304800
2023-07-31,132002,229518,58604,288122
2023-08-31,132002,232018,58587,290605
2023-09-30,132002,198075,53405,251480
2023-10-31,132002,229978,65006,294984
2023-11-30,132002,216434,54782,271216
2023-12-31,132002,240190,58735,298925
2024-01-31,132002,225763,53599,279362
2024-02-29,132002,239419,58392,297811
2024-03-31,132002,232171,60018,292189
2024-04-30,132002,242179,58591,300770
2024-05-31,132002,246732,62409,309141
2023-05-31,137001,29,18,47
2023-06-30,137001,303730,211582,515312
2023-07-31,137001,266245,208562,474807
2023-08-31,137001,267433,205664,473097
2023-09-30,137001,232099,177334,409433
2023-10-31,137001,267531,220648,488179
2023-11-30,137001,295130,189157,484287
2023-12-31,137001,314428,195715,510143
2024-01-31,137001,286780,186312,473092
2024-02-29,137001,290843,211666,502509
2024-03-31,137001,288655,225339,513994
2024-04-30,137001,301825,209915,511740
2024-05-31,137001,319487,225121,544608
2023-05-31,138001,4,1,5
2023-06-30,138001,121891,166107,287998
2023-07-31,138001,102975,163129,266104
2023-08-31,138001,103841,164376,268217
2023-09-30,138001,88334,147419,235753
2023-10-31,138001,106592,175914,282506
2023-11-30,138001,114215,154514,268729
2023-12-31,138001,119919,173536,293455
2024-01-31,138001,107092,162065,269157
2024-02-29,138001,109228,176841,286069
2024-03-31,138001,106652,188711,295363
2024-04-30,138001,109988,172829,282817
2024-05-31,138001,119616,182817,302433
2023-05-31,139001,12,7,19
2023-06-30,139001,134366,195954,330320
2023-07-31,139001,126405,210981,337386
2023-08-31,139001,142170,223886,366056
2023-09-30,139001,121642,207170,328812
2023-10-31,139001,124910,239694,364604
2023-11-30,139001,165216,195014,360230
2023-12-31,139001,171560,205454,377014
2024-01-31,139001,153926,185357,339283
2024-02-29,139001,153511,206206,359717
2024-03-31,139001,167561,227834,395395
2024-04-30,139001,166552,196371,362923
2024-05-31,139001,181660,192251,373911
2023-05-31,139002,3,4,7
2023-06-30,139002,264536,262674,527210
2023-07-31,139002,240673,266498,507171
2023-08-31,139002,261086,262960,524046
2023-09-30,139002,219550,240609,460159
2023-10-31,139002,239460,270492,509952
2023-11-30,139002,304239,230067,534306
2023-12-31,139002,302483,266454,568937
2024-01-31,139002,274706,243542,518248
2024-02-29,139002,272782,268753,541535
2024-03-31,139002,276207,289646,565853
2024-04-30,139002,291486,251694,543180
2024-05-31,139002,305030,254973,560003
2023-05-31,154002,52,103,155
2023-06-30,154002,1002197,229552,1231749
2023-07-31,154002,796926,245710,1042636
2023-08-31,154002,886612,271718,1158330
2023-09-30,154002,822194,257607,1079801
2023-10-31,154002,916253,302677,1218930
2023-11-30,154002,977276,267215,1244491
2023-12-31,154002,996667,268051,1264718
2024-01-31,154002,892835,222758,1115593
2024-02-29,154002,294271,75142,369413
2024-03-31,154002,16,0,16
2024-04-30,154002,5,0,5
2024-05-31,154002,3,0,3
2023-05-31,154003,131,32,163
2023-06-30,154003,1019963,147058,1167021
2023-07-31,154003,906417,147956,1054373
2023-08-31,154003,964341,156825,1121166
2023-09-30,154003,903807,153725,1057532
2023-10-31,154003,1016411,202704,1219115
2023-11-30,154003,1072991,180854,1253845
2023-12-31,154003,1048131,165386,1213517
2024-01-31,154003,980929,132339,1113268
2024-02-29,154003,791515,100517,892032
2024-03-31,154003,1052575,137625,1190200
2024-04-30,154003,950421,131945,1082366
2024-05-31,154003,923741,140371,1064112
2023-05-31,155001,15,3,18
2023-06-30,155001,1157490,113415,1270905
2023-07-31,155001,821383,74969,896352
2023-08-31,155001,786553,74813,861366
2023-09-30,155001,837775,95066,932841
2023-10-31,155001,980108,116901,1097009
2023-11-30,155001,958273,98256,1056529
2023-12-31,155001,1033124,108590,1141714
2024-01-31,155001,938021,100426,1038447
2024-02-29,155001,921271,105123,1026394
2024-03-31,155001,1014898,115939,1130837
2024-04-30,155001,1003889,109507,1113396
2024-05-31,155001,1062829,120653,1183482
2023-05-31,157001,1,0,1
2023-06-30,157001,907187,96402,1003589
2023-07-31,157001,715149,108143,823292
2023-08-31,157001,752174,114631,866805
2023-09-30,157001,733558,116914,850472
2023-10-31,157001,830167,111878,942045
2023-11-30,157001,877858,100700,978558
2023-12-31,157001,865900,97243,963143
2024-01-31,157001,809190,86254,895444
2024-02-29,157001,765373,86844,852217
2024-03-31,157001,934578,111256,1045834
2024-04-30,157001,890963,107774,998737
2024-05-31,157001,903900,109303,1013203
2023-05-31,158001,4,5,9
2023-06-30,158001,267860,92123,359983
2023-07-31,158001,204350,82878,287228
2023-08-31,158001,184660,88871,273531
2023-09-30,158001,186005,86430,272435
2023-10-31,158001,217879,116618,334497
2023-11-30,158001,225026,96712,321738
2023-12-31,158001,229121,89992,319113
2024-01-31,158001,205426,78003,283429
2024-02-29,158001,185519,70498,256017
2024-03-31,158001,233996,93327,327323
2024-04-30,158001,224498,87872,312370
2024-05-31,158001,236529,99266,335795
2023-05-31,159001,16,5,21
2023-06-30,159001,357739,101195,458934
2023-07-31,159001,291889,92233,384122
2023-08-31,159001,250576,85174,335750
2023-09-30,159001,267713,85630,353343
2023-10-31,159001,313182,123672,436854
2023-11-30,159001,320331,100112,420443
2023-12-31,159001,330868,96749,427617
2024-01-31,159001,312889,82158,395047
2024-02-29,159001,278155,73571,351726
2024-03-31,159001,329197,99185,428382
2024-04-30,159001,302421,92590,395011
2024-05-31,159001,302891,101556,404447
2023-05-31,163001,60,13,73
2023-06-30,163001,303964,138075,442039
2023-07-31,163001,272874,138736,411610
2023-08-31,163001,273787,138236,412023
2023-09-30,163001,252812,124294,377106
2023-10-31,163001,245146,151773,396919
2023-11-30,163001,306368,132701,439069
2023-12-31,163001,314457,155550,470007
2024-01-31,163001,271927,142368,414295
2024-02-29,163001,277116,154784,431900
2024-03-31,163001,311251,160080,471331
2024-04-30,163001,291643,145082,436725
2024-05-31,163001,288909,152527,441436
2023-05-31,163002,52,5,57
2023-06-30,163002,269329,137662,406991
2023-07-31,163002,241045,138320,379365
2023-08-31,163002,235157,137683,372840
2023-09-30,163002,218444,124184,342628
2023-10-31,163002,208113,151817,359930
2023-11-30,163002,262074,133017,395091
2023-12-31,163002,273105,156532,429637
2024-01-31,163002,228776,143181,371957
2024-02-29,163002,232370,156508,388878
2024-03-31,163002,271975,162048,434023
2024-04-30,163002,250805,145872,396677
2024-05-31,163002,252763,154126,406889
2023-05-31,176002,7,2,9
2023-06-30,176002,269459,88372,357831
2023-07-31,176002,259104,96963,356067
2023-08-31,176002,273071,96315,369386
2023-09-30,176002,245987,87268,333255
2023-10-31,176002,271088,96926,368014
2023-11-30,176002,252134,81975,334109
2023-12-31,176002,258920,80938,339858
2024-01-31,176002,280673,85722,366395
2024-02-29,176002,256401,91697,348098
2024-03-31,176002,298446,96459,394905
2024-04-30,176002,276218,86051,362269
2024-05-31,176002,327973,88689,416662
2023-05-31,176003,7,4,11
2023-06-30,176003,222336,103736,326072
2023-07-31,176003,216561,109155,325716
2023-08-31,176003,236696,119213,355909
2023-09-30,176003,208964,116227,325191
2023-10-31,176003,236868,122873,359741
2023-11-30,176003,218612,110437,329049
2023-12-31,176003,164931,72193,237124
2024-01-31,176003,268412,115158,383570
2024-02-29,176003,223022,116764,339786
2024-03-31,176003,247229,128077,375306
2024-04-30,176003,244302,119298,363600
2024-05-31,176003,303850,131964,435814
2023-05-31,177001,30,6,36
2023-06-30,177001,325861,42616,368477
2023-07-31,177001,325797,51912,377709
2023-08-31,177001,338967,53048,392015
2023-09-30,177001,304725,48563,353288
2023-10-31,177001,335424,60707,396131
2023-11-30,177001,318251,38756,357007
2023-12-31,177001,348695,48306,397001
2024-01-31,177001,364716,45696,410412
2024-02-29,177001,328930,55170,384100
2024-03-31,177001,324431,62429,386860
2024-04-30,177001,314266,49714,363980
2024-05-31,177001,332377,45703,378080
2023-05-31,180001,6,10,16
2023-06-30,180001,384029,151868,535897
2023-07-31,180001,349869,151571,501440
2023-08-31,180001,356093,150930,507023
2023-09-30,180001,343799,143661,487460
2023-10-31,180001,386092,178833,564925
2023-11-30,180001,440737,163775,604512
2023-12-31,180001,424554,169062,593616
2024-01-31,180001,364479,152736,517215
2024-02-29,180001,418221,163520,581741
2024-03-31,180001,428448,173541,601989
2024-04-30,180001,422214,160462,582676
2024-05-31,180001,388433,168270,556703
2023-05-31,180002,12,7,19
2023-06-30,180002,145500,140811,286311
2023-07-31,180002,122659,129642,252301
2023-08-31,180002,120949,129902,250851
2023-09-30,180002,113826,129082,242908
2023-10-31,180002,132597,161906,294503
2023-11-30,180002,158729,148679,307408
2023-12-31,180002,148163,152766,300929
2024-01-31,180002,124936,134442,259378
2024-02-29,180002,148784,144517,293301
2024-03-31,180002,154431,155257,309688
2024-04-30,180002,149640,144846,294486
2024-05-31,180002,130224,153419,283643
2023-05-31,182001,1,3,4
2023-06-30,182001,79095,137628,216723
2023-07-31,182001,64177,138841,203018
2023-08-31,182001,61624,134158,195782
2023-09-30,182001,54478,125360,179838
2023-10-31,182001,64115,154060,218175
2023-11-30,182001,88457,146011,234468
2023-12-31,182001,85277,161737,247014
2024-01-31,182001,62039,118439,180478
2024-02-29,182001,71855,133128,204983
2024-03-31,182001,80931,140717,221648
2024-04-30,182001,80316,135688,216004
2024-05-31,182001,71303,151124,222427
2023-05-31,183001,4,6,10
2023-06-30,183001,206893,139594,346487
2023-07-31,183001,174989,140840,315829
2023-08-31,183001,169555,135926,305481
2023-09-30,183001,152679,128534,281213
2023-10-31,183001,167474,158641,326115
2023-11-30,183001,213813,152282,366095
2023-12-31,183001,208395,169626,378021
2024-01-31,183001,171500,122350,293850
2024-02-29,183001,197879,140146,338025
2024-03-31,183001,202696,146760,349456
2024-04-30,183001,199719,134645,334364
2024-05-31,183001,186533,149979,336512
2023-05-31,184001,2,1,3
2023-06-30,184001,95209,154585,249794
2023-07-31,184001,70627,147468,218095
2023-08-31,184001,63974,142270,206244
2023-09-30,184001,58528,138464,196992
2023-10-31,184001,76278,174181,250459
2023-11-30,184001,107298,168089,275387
2023-12-31,184001,101102,183274,284376
2024-01-31,184001,68213,136215,204428
2024-02-29,184001,90648,163310,253958
2024-03-31,184001,98707,172738,271445
2024-04-30,184001,98229,163924,262153
2024-05-31,184001,92206,181575,273781
2023-05-31,193001,5,3,8
2023-06-30,193001,974437,149055,1123492
2023-07-31,193001,727625,98919,826544
2023-08-31,193001,704240,111213,815453
2023-09-30,193001,767197,137757,904954
2023-10-31,193001,891738,175569,1067307
2023-11-30,193001,985820,137050,1122870
2023-12-31,193001,930983,149088,1080071
2024-01-31,193001,788843,132364,921207
2024-02-29,193001,856238,139694,995932
2024-03-31,193001,934318,137727,1072045
2024-04-30,193001,976755,140521,1117276
2024-05-31,193001,979733,147745,1127478
2023-05-31,194001,5,1,6
2023-06-30,194001,683426,124334,807760
2023-07-31,194001,480183,84751,564934
2023-08-31,194001,467658,96193,563851
2023-09-30,194001,526080,119610,645690
2023-10-31,194001,606754,149215,755969
2023-11-30,194001,656327,125220,781547
2023-12-31,194001,655166,139188,794354
2024-01-31,194001,555835,126741,682576
2024-02-29,194001,581967,135122,717089
2024-03-31,194001,652495,134566,787061
2024-04-30,194001,670183,135628,805811
2024-05-31,194001,662999,143173,806172
2023-05-31,196001,4,0,4
2023-06-30,196001,437045,121260,558305
2023-07-31,196001,400039,105297,505336
2023-08-31,196001,394023,109830,503853
2023-09-30,196001,360740,107646,468386
2023-10-31,196001,431645,134393,566038
2023-11-30,196001,448935,136423,585358
2023-12-31,196001,457046,152259,609305
2024-01-31,196001,392550,113451,506001
2024-02-29,196001,470886,122119,593005
2024-03-31,196001,477842,123634,601476
2024-04-30,196001,473009,116527,589536
2024-05-31,196001,451978,123144,575122
2023-05-31,197001,9,3,12
2023-06-30,197001,319572,114469,434041
2023-07-31,197001,275306,102585,377891
2023-08-31,197001,269018,106619,375637
2023-09-30,197001,249560,105606,355166
2023-10-31,197001,302881,134199,437080
2023-11-30,197001,324948,134149,459097
2023-12-31,197001,326287,147199,473486
2024-01-31,197001,278619,108702,387321
2024-02-29,197001,324982,115120,440102
2024-03-31,197001,326268,114680,440948
2024-04-30,197001,324599,109751,434350
2024-05-31,197001,314976,115017,429993
2023-05-31,199001,935,1290,2225
2023-06-30,199001,44543,99019,143562
2023-07-31,199001,36530,91586,128116
2023-08-31,199001,34843,87486,122329
2023-09-30,199001,30877,82255,113132
2023-10-31,199001,36900,107644,144544
2023-11-30,199001,41416,102405,143821
2023-12-31,199001,44035,99506,143541
2024-01-31,199001,34611,94511,129122
2024-02-29,199001,40776,102345,143121
2024-03-31,199001,44018,111294,155312
2024-04-30,199001,44280,102539,146819
2024-05-31,199001,43634,109473,153107
2023-05-31,199002,1175,1103,2278
2023-06-30,199002,54026,86405,140431
2023-07-31,199002,50694,90945,141639
2023-08-31,199002,47694,91801,139495
2023-09-30,199002,34637,71206,105843
2023-10-31,199002,39930,82675,122605
2023-11-30,199002,42230,78997,121227
2023-12-31,199002,45349,86950,132299
2024-01-31,199002,38164,81954,120118
2024-02-29,199002,46338,84140,130478
2024-03-31,199002,47956,89061,137017
2024-04-30,199002,51084,80491,131575
2024-05-31,199002,44436,84374,128810
2023-05-31,199003,1209,309,1518
2023-06-30,199003,30682,12109,42791
2023-07-31,199003,25267,10048,35315
2023-08-31,199003,21659,8309,29968
2023-09-30,199003,10915,6621,17536
2023-10-31,199003,14190,8986,23176
2023-11-30,199003,15993,8447,24440
2023-12-31,199003,16424,8690,25114
2024-01-31,199003,14445,9015,23460
2024-02-29,199003,15532,9836,25368
2024-03-31,199003,14832,9984,24816
2024-04-30,199003,15665,10487,26152
2024-05-31,199003,14160,11566,25726
2023-05-31,199004,506,209,715
2023-06-30,199004,17339,15831,33170
2023-07-31,199004,14447,12666,27113
2023-08-31,199004,12920,11386,24306
2023-09-30,199004,8443,8775,17218
2023-10-31,199004,12826,12249,25075
2023-11-30,199004,15492,11490,26982
2023-12-31,199004,15381,12051,27432
2024-01-31,199004,12036,10997,23033
2024-02-29,199004,17081,13136,30217
2024-03-31,199004,16153,15561,31714
2024-04-30,199004,17676,15733,33409
2024-05-31,199004,15964,16353,32317
2023-05-31,209001,24,35,59
2023-06-30,209001,130249,157193,287442
2023-07-31,209001,120492,164463,284955
2023-08-31,209001,118609,163796,282405
2023-09-30,209001,108100,150132,258232
2023-10-31,209001,132802,160512,293314
2023-11-30,209001,139806,169281,309087
2023-12-31,209001,152914,177338,330252
2024-01-31,209001,128355,164710,293065
2024-02-29,209001,133821,174842,308663
2024-03-31,209001,139585,181414,320999
2024-04-30,209001,137661,163040,300701
2024-05-31,209001,130162,174891,305053
2023-05-31,210001,4,9,13
2023-06-30,210001,173454,176898,350352
2023-07-31,210001,159995,158808,318803
2023-08-31,210001,150344,163901,314245
2023-09-30,210001,131451,159747,291198
2023-10-31,210001,151157,150623,301780
2023-11-30,210001,151613,172348,323961
2023-12-31,210001,166405,181783,348188
2024-01-31,210001,158397,179949,338346
2024-02-29,210001,153632,177486,331118
2024-03-31,210001,172631,197742,370373
2024-04-30,210001,165600,173662,339262
2024-05-31,210001,165569,180256,345825
2023-05-31,210002,12,9,21
2023-06-30,210002,152023,162328,314351
2023-07-31,210002,139954,135406,275360
2023-08-31,210002,137231,136678,273909
2023-09-30,210002,125713,124858,250571
2023-10-31,210002,145674,122244,267918
2023-11-30,210002,145471,169895,315366
2023-12-31,210002,158022,188107,346129
2024-01-31,210002,146603,178169,324772
2024-02-29,210002,139493,187671,327164
2024-03-31,210002,160911,206309,367220
2024-04-30,210002,150178,172750,322928
2024-05-31,210002,152000,176759,328759
2023-05-31,212001,1,1,2
2023-06-30,212001,50005,126977,176982
2023-07-31,212001,42725,129780,172505
2023-08-31,212001,42528,126822,169350
2023-09-30,212001,39531,123091,162622
2023-10-31,212001,49778,139465,189243
2023-11-30,212001,43522,130922,174444
2023-12-31,212001,53961,132030,185991
2024-01-31,212001,50780,123895,174675
2024-02-29,212001,48637,134884,183521
2024-03-31,212001,51776,149700,201476
2024-04-30,212001,48492,141198,189690
2024-05-31,212001,53567,148776,202343
2023-05-31,215001,15,17,32
2023-06-30,215001,93346,202348,295694
2023-07-31,215001,86892,137888,224780
2023-08-31,215001,84332,153049,237381
2023-09-30,215001,77406,128100,205506
2023-10-31,215001,96354,172766,269120
2023-11-30,215001,99625,163725,263350
2023-12-31,215001,101590,192046,293636
2024-01-31,215001,82021,160892,242913
2024-02-29,215001,92367,191103,283470
2024-03-31,215001,87190,185217,272407
2024-04-30,215001,91831,188836,280667
2024-05-31,215001,82442,184324,266766
2023-05-31,215002,7,6,13
2023-06-30,215002,42346,122205,164551
2023-07-31,215002,35892,116195,152087
2023-08-31,215002,33896,113069,146965
2023-09-30,215002,30796,95225,126021
2023-10-31,215002,36708,123601,160309
2023-11-30,215002,38284,117052,155336
2023-12-31,215002,41635,137332,178967
2024-01-31,215002,33296,111012,144308
2024-02-29,215002,40839,140980,181819
2024-03-31,215002,39114,139797,178911
2024-04-30,215002,42266,132149,174415
2024-05-31,215002,37058,124277,161335
2023-05-31,216001,52,8,60
2023-06-30,216001,1058203,74531,1132734
2023-07-31,216001,597183,62306,659489
2023-08-31,216001,701438,76715,778153
2023-09-30,216001,690830,68213,759043
2023-10-31,216001,840219,78533,918752
2023-11-30,216001,848074,71733,919807
2023-12-31,216001,785733,82001,867734
2024-01-31,216001,662444,78151,740595
2024-02-29,216001,711514,86428,797942
2024-03-31,216001,826784,88948,915732
2024-04-30,216001,825680,77026,902706
2024-05-31,216001,936989,83909,1020898
2023-05-31,217001,12,1,13
2023-06-30,217001,240311,104638,344949
2023-07-31,217001,245733,105877,351610
2023-08-31,217001,250763,107311,358074
2023-09-30,217001,222152,100301,322453
2023-10-31,217001,253869,117054,370923
2023-11-30,217001,253246,103215,356461
2023-12-31,217001,294361,118802,413163
2024-01-31,217001,288402,113077,401479
2024-02-29,217001,265620,111810,377430
2024-03-31,217001,252669,116239,368908
2024-04-30,217001,245287,107441,352728
2024-05-31,217001,264141,116694,380835
2023-05-31,235001,1,0,1
2023-06-30,235001,113676,45174,158850
2023-07-31,235001,108834,44490,153324
2023-08-31,235001,123008,49391,172399
2023-09-30,235001,128250,41657,169907
2023-10-31,235001,118259,53405,171664
2023-11-30,235001,140626,42202,182828
2023-12-31,235001,143760,51394,195154
2024-01-31,235001,134722,49730,184452
2024-02-29,235001,137721,51467,189188
2024-03-31,235001,132741,52914,185655
2024-04-30,235001,138456,45627,184083
2024-05-31,235001,151536,51872,203408
2023-05-31,235002,3,0,3
2023-06-30,235002,276787,67482,344269
2023-07-31,235002,255559,66432,321991
2023-08-31,235002,268457,68605,337062
2023-09-30,235002,249979,60693,310672
2023-10-31,235002,259236,71136,330372
2023-11-30,235002,325701,59850,385551
2023-12-31,235002,329129,68560,397689
2024-01-31,235002,306471,63283,369754
2024-02-29,235002,301738,66162,367900
2024-03-31,235002,294856,68298,363154
2024-04-30,235002,285944,66217,352161
2024-05-31,235002,315051,69432,384483
2023-03-31,239100,938,119,1057
2023-04-30,239100,0,0,0
2023-05-31,239100,88,26,114
2023-06-30,239100,407316,108759,516075
2023-07-31,239100,390142,125879,516021
2023-08-31,239100,426272,124538,550810
2023-09-30,239100,402804,109876,512680
2023-10-31,239100,463199,139243,602442
2023-11-30,239100,547443,130850,678293
2023-12-31,239100,532606,132492,665098
2024-01-31,239100,464441,114911,579352
2024-02-29,239100,534224,122675,656899
2024-03-31,239100,559297,140136,699433
2024-04-30,239100,524639,126089,650728
2024-05-31,239100,507017,134778,641795
2023-05-31,239101,27,1,28
2023-06-30,239101,212421,87419,299840
2023-07-31,239101,180899,91035,271934
2023-08-31,239101,185177,96795,281972
2023-09-30,239101,176564,90004,266568
2023-10-31,239101,207294,118812,326106
2023-11-30,239101,247484,110541,358025
2023-12-31,239101,237250,109150,346400
2024-01-31,239101,199242,94459,293701
2024-02-29,239101,235939,100921,336860
2024-03-31,239101,246373,110397,356770
2024-04-30,239101,226979,99208,326187
2024-05-31,239101,212794,106212,319006
2023-05-31,239300,9,2,11
2023-06-30,239300,179967,45957,225924
2023-07-31,239300,169377,43309,212686
2023-08-31,239300,181602,42069,223671
2023-09-30,239300,165703,36939,202642
2023-10-31,239300,192269,42313,234582
2023-11-30,239300,180630,40064,220694
2023-12-31,239300,192483,41879,234362
2024-01-31,239300,213166,36744,249910
2024-02-29,239300,185267,38328,223595
2024-03-31,239300,192325,41780,234105
2024-04-30,239300,191722,70525,262247
2024-05-31,239300,195367,40309,235676
2023-05-31,239301,4,1,5
2023-06-30,239301,191230,53875,245105
2023-07-31,239301,181276,51984,233260
2023-08-31,239301,194654,51026,245680
2023-09-30,239301,181949,44386,226335
2023-10-31,239301,208902,49711,258613
2023-11-30,239301,197804,49491,247295
2023-12-31,239301,209845,52855,262700
2024-01-31,239301,219404,45446,264850
2024-02-29,239301,196227,49175,245402
2024-03-31,239301,200996,53476,254472
2024-04-30,239301,199661,87421,287082
2024-05-31,239301,195418,52614,248032
2023-05-31,239400,33,7,40
2023-06-30,239400,545220,47595,592815
2023-07-31,239400,477375,48189,525564
2023-08-31,239400,522676,48474,571150
2023-09-30,239400,479952,47989,527941
2023-10-31,239400,515347,57170,572517
2023-11-30,239400,534272,49449,583721
2023-12-31,239400,554164,55266,609430
2024-01-31,239400,487885,51661,539546
2024-02-29,239400,459516,52827,512343
2024-03-31,239400,545788,54884,600672
2024-04-30,239400,514764,50868,565632
2024-05-31,239400,457278,51617,508895
2023-05-31,239600,73,18,91
2023-06-30,239600,295109,71937,367046
2023-07-31,239600,302456,74174,376630
2023-08-31,239600,312682,76538,389220
2023-09-30,239600,272847,72336,345183
2023-10-31,239600,303105,80152,383257
2023-11-30,239600,304690,71545,376235
2023-12-31,239600,319356,72029,391385
2024-01-31,239600,326380,66365,392745
2024-02-29,239600,300946,71943,372889
2024-03-31,239600,304039,78584,382623
2024-04-30,239600,304051,70703,374754
2024-05-31,239600,343236,81728,424964
2023-05-31,257003,18,2,20
2023-06-30,257003,254508,60878,315386
2023-07-31,257003,257602,55964,313566
2023-08-31,257003,281726,74778,356504
2023-09-30,257003,245991,60322,306313
2023-10-31,257003,278093,66492,344585
2023-11-30,257003,264272,65499,329771
2023-12-31,257003,302061,67981,370042
2024-01-31,257003,286415,63711,350126
2024-02-29,257003,263283,66787,330070
2024-03-31,257003,266462,72144,338606
2024-04-30,257003,307753,66508,374261
2024-05-31,257003,329835,71976,401811
2023-05-31,312024,51,13,64
2023-06-30,312024,450580,61702,512282
2023-07-31,312024,360514,53783,414297
2023-08-31,312024,378886,56023,434909
2023-09-30,312024,352655,51111,403766
2023-10-31,312024,406205,62725,468930
2023-11-30,312024,432580,56443,489023
2023-12-31,312024,396223,57324,453547
2024-01-31,312024,357118,48766,405884
2024-02-29,312024,414213,118606,532819
2024-03-31,312024,413459,76226,489685
2024-04-30,312024,391946,58458,450404
2024-05-31,312024,388666,56372,445038
2023-05-31,201002,59,1,60
2023-06-30,201002,209470,64541,274011
2023-07-31,201002,184030,53771,237801
2023-08-31,201002,180575,54773,235348
2023-09-30,201002,166237,53365,219602
2023-10-31,201002,195856,61662,257518
2023-11-30,201002,212940,53109,266049
2023-12-31,201002,208926,58596,267522
2024-01-31,201002,180248,51076,231324
2024-02-29,201002,213641,58679,272320
2024-03-31,201002,201423,65438,266861
2024-04-30,201002,208753,61561,270314
2024-05-31,201002,193831,66587,260418
2023-05-31,201001,182,35,217
2023-06-30,201001,220240,48452,268692
2023-07-31,201001,186526,43048,229574
2023-08-31,201001,182744,45087,227831
2023-09-30,201001,167233,44015,211248
2023-10-31,201001,202879,53830,256709
2023-11-30,201001,219382,43904,263286
2023-12-31,201001,216001,46487,262488
2024-01-31,201001,188978,42508,231486
2024-02-29,201001,220888,47834,268722
2024-03-31,201001,209210,54243,263453
2024-04-30,201001,218180,47179,265359
2024-05-31,201001,206363,49954,256317
2023-05-31,169001,6,6,12
2023-06-30,169001,604973,250259,855232
2023-07-31,169001,587437,256996,844433
2023-08-31,169001,625818,257356,883174
2023-09-30,169001,544333,226972,771305
2023-10-31,169001,638812,254546,893358
2023-11-30,169001,611767,237631,849398
2023-12-31,169001,704763,272329,977092
2024-01-31,169001,670181,252479,922660
2024-02-29,169001,570084,256876,826960
2024-03-31,169001,596979,274970,871949
2024-04-30,169001,628462,243861,872323
2024-05-31,169001,716889,262101,978990
2023-05-31,125003,142,45,187
2023-06-30,125003,228305,244251,472556
2023-07-31,125003,202983,242943,445926
2023-08-31,125003,203351,243743,447094
2023-09-30,125003,181097,243539,424636
2023-10-31,125003,194729,285776,480505
2023-11-30,125003,220592,240340,460932
2023-12-31,125003,232055,267737,499792
2024-01-31,125003,196753,239456,436209
2024-02-29,125003,210796,266397,477193
2024-03-31,125003,233487,272913,506400
2024-04-30,125003,219667,263024,482691
2024-05-31,125003,209142,275075,484217
2023-05-31,125002,495,152,647
2023-06-30,125002,254968,282307,537275
2023-07-31,125002,229675,279938,509613
2023-08-31,125002,237452,282213,519665
2023-09-30,125002,211875,275400,487275
2023-10-31,125002,217744,324864,542608
2023-11-30,125002,237071,271386,508457
2023-12-31,125002,259386,301832,561218
2024-01-31,125002,224321,274281,498602
2024-02-29,125002,235513,304024,539537
2024-03-31,125002,231270,315655,546925
2024-04-30,125002,207627,298278,505905
2024-05-31,125002,205657,312192,517849
2023-05-31,187003,767,598,1365
2023-06-30,187003,397488,197008,594496
2023-07-31,187003,328373,167049,495422
2023-08-31,187003,321438,159291,480729
2023-09-30,187003,292455,166117,458572
2023-10-31,187003,335605,188748,524353
2023-11-30,187003,403073,169304,572377
2023-12-31,187003,384797,189679,574476
2024-01-31,187003,293057,102455,395512
2024-02-29,187003,412088,174088,586176
2024-03-31,187003,448506,180320,628826
2024-04-30,187003,405501,150076,555577
2024-05-31,187003,412817,171117,583934
2023-05-31,104001,243,99,342
2023-06-30,104001,99240,25199,124439
2023-07-31,104001,100450,28106,128556
2023-08-31,104001,101578,28406,129984
2023-09-30,104001,93886,25507,119393
2023-10-31,104001,104231,31316,135547
2023-11-30,104001,109668,28112,137780
2023-12-31,104001,115756,28173,143929
2024-01-31,104001,104546,26338,130884
2024-02-29,104001,112829,30938,143767
2024-03-31,104001,115206,30747,145953
2024-04-30,104001,114283,29409,143692
2024-05-31,104001,115845,30830,146675
2023-05-31,111001,22,9,31
2023-06-30,111001,279148,144086,423234
2023-07-31,111001,257874,142037,399911
2023-08-31,111001,263604,145879,409483
2023-09-30,111001,246094,133388,379482
2023-10-31,111001,270806,149785,420591
2023-11-30,111001,288042,146500,434542
2023-12-31,111001,324911,178536,503447
2024-01-31,111001,279066,165867,444933
2024-02-29,111001,270308,146351,416659
2024-03-31,111001,270798,150908,421706
2024-04-30,111001,288238,129209,417447
2024-05-31,111001,319022,136985,456007
2023-05-31,115001,35,23,58
2023-06-30,115001,905399,290579,1195978
2023-07-31,115001,884092,294290,1178382
2023-08-31,115001,917189,299343,1216532
2023-09-30,115001,856418,259111,1115529
2023-10-31,115001,968577,285804,1254381
2023-11-30,115001,932769,259602,1192371
2023-12-31,115001,975199,297159,1272358
2024-01-31,115001,882282,279784,1162066
2024-02-29,115001,883359,287945,1171304
2024-03-31,115001,887534,305686,1193220
2024-04-30,115001,858948,264830,1123778
2024-05-31,115001,905916,279372,1185288
2023-05-31,312025,1,0,1
2023-06-30,312025,82121,22626,104747
2023-07-31,312025,76480,25340,101820
2023-08-31,312025,82463,21285,103748
2023-09-30,312025,73465,26019,99484
2023-10-31,312025,83455,34418,117873
2023-11-30,312025,91001,17475,108476
2023-12-31,312025,90918,25009,115927
2024-01-31,312025,86336,27263,113599
2024-02-29,312025,90976,31709,122685
2024-03-31,312025,86073,30940,117013
2024-04-30,312025,82663,30027,112690
2024-05-31,312025,81938,33171,115109
2023-05-31,185001,29,28,57
2023-06-30,185001,249712,185655,435367
2023-07-31,185001,181133,155960,337093
2023-08-31,185001,184181,149947,334128
2023-09-30,185001,167197,156890,324087
2023-10-31,185001,198343,193130,391473
2023-11-30,185001,252371,177651,430022
2023-12-31,185001,237007,199216,436223
2024-01-31,185001,155331,99183,254514
2024-02-29,185001,234149,173220,407369
2024-03-31,185001,254036,185967,440003
2024-04-30,185001,248054,168312,416366
2024-05-31,185001,250352,196456,446808
2023-05-31,312017,2,2,4
2023-06-30,312017,232484,44940,277424
2023-07-31,312017,210647,43399,254046
2023-08-31,312017,227634,43652,271286
2023-09-30,312017,203924,44434,248358
2023-10-31,312017,237512,59273,296785
2023-11-30,312017,245453,54970,300423
2023-12-31,312017,247733,59960,307693
2024-01-31,312017,218783,49077,267860
2024-02-29,312017,217172,47899,265071
2024-03-31,312017,233263,48802,282065
2024-04-30,312017,215485,46153,261638
2024-05-31,312017,217194,46841,264035
2023-05-31,312019,686,278,964
2023-06-30,312019,275383,106467,381850
2023-07-31,312019,243249,110469,353718
2023-08-31,312019,244185,113916,358101
2023-09-30,312019,238292,107476,345768
2023-10-31,312019,258435,136829,395264
2023-11-30,312019,279830,123273,403103
2023-12-31,312019,280574,126503,407077
2024-01-31,312019,249627,108064,357691
2024-02-29,312019,274053,108628,382681
2024-03-31,312019,300737,114134,414871
2024-04-30,312019,277405,108905,386310
2024-05-31,312019,272698,116978,389676
2023-05-31,239700,113,40,153
2023-06-30,239700,441724,165124,606848
2023-07-31,239700,457447,137329,594776
2023-08-31,239700,507694,151826,659520
2023-09-30,239700,429324,130774,560098
2023-10-31,239700,488059,144376,632435
2023-11-30,239700,461727,140355,602082
2023-12-31,239700,554356,157970,712326
2024-01-31,239700,522816,152723,675539
2024-02-29,239700,441880,147612,589492
2024-03-31,239700,462902,158975,621877
2024-04-30,239700,492647,139702,632349
2024-05-31,239700,552115,146992,699107
2023-05-31,164001,13,3,16
2023-06-30,164001,364172,141941,506113
2023-07-31,164001,328704,142293,470997
2023-08-31,164001,331914,142910,474824
2023-09-30,164001,302627,128573,431200
2023-10-31,164001,304618,156847,461465
2023-11-30,164001,372898,136504,509402
2023-12-31,164001,371066,158805,529871
2024-01-31,164001,330465,146137,476602
2024-02-29,164001,346643,155400,502043
2024-03-31,164001,379179,164853,544032
2024-04-30,164001,365416,147988,513404
2024-05-31,164001,362510,155981,518491
2023-05-31,336016,92,9,101
2023-06-30,336016,152348,28240,180588
2023-07-31,336016,163187,30176,193363
2023-08-31,336016,176563,31343,207906
2023-09-30,336016,154498,27468,181966
2023-10-31,336016,171065,33411,204476
2023-11-30,336016,195430,28945,224375
2023-12-31,336016,197971,33702,231673
2024-01-31,336016,189775,32079,221854
2024-02-29,336016,189511,34419,223930
2024-03-31,336016,202052,37069,239121
2024-04-30,336016,191539,33577,225116
2024-05-31,336016,203150,36755,239905
2023-05-31,320073,1443,374,1817
2023-06-30,320073,51440,15172,66612
2023-07-31,320073,43228,13859,57087
2023-08-31,320073,39497,14022,53519
2023-09-30,320073,32903,12139,45042
2023-10-31,320073,42756,16678,59434
2023-11-30,320073,49348,15007,64355
2023-12-31,320073,50159,15409,65568
2024-01-31,320073,41790,13760,55550
2024-02-29,320073,49612,14345,63957
2024-03-31,320073,47581,14013,61594
2024-04-30,320073,49674,12747,62421
2024-05-31,320073,46048,13980,60028
2023-05-31,312061,22,11,33
2023-06-30,312061,29979,23637,53616
2023-07-31,312061,27085,23840,50925
2023-08-31,312061,29634,39517,69151
2023-09-30,312061,25862,36591,62453
2023-10-31,312061,28749,47546,76295
2023-11-30,312061,32397,18501,50898
2023-12-31,312061,32808,33760,66568
2024-01-31,312061,29544,38877,68421
2024-02-29,312061,32162,47327,79489
2024-03-31,312061,32774,44243,77017
2024-04-30,312061,30938,44665,75603
2024-05-31,312061,30322,48937,79259
2023-05-31,312062,38,18,56
2023-06-30,312062,21125,13311,34436
2023-07-31,312062,20397,10096,30493
2023-08-31,312062,20427,11693,32120
2023-09-30,312062,17734,11381,29115
2023-10-31,312062,19331,15090,34421
2023-11-30,312062,21597,11149,32746
2023-12-31,312062,21169,13124,34293
2024-01-31,312062,18424,12756,31180
2024-02-29,312062,20781,13443,34224
2024-03-31,312062,19549,12563,32112
2024-04-30,312062,18258,12447,30705
2024-05-31,312062,18095,12942,31037
2023-05-31,312063,5,1,6
2023-06-30,312063,3360,505,3865
2023-07-31,312063,3678,492,4170
2023-08-31,312063,3629,574,4203
2023-09-30,312063,2841,497,3338
2023-10-31,312063,3124,693,3817
2023-11-30,312063,3422,546,3968
2023-12-31,312063,3452,576,4028
2024-01-31,312063,3111,474,3585
2024-02-29,312063,3715,525,4240
2024-03-31,312063,3417,536,3953
2024-04-30,312063,3113,608,3721
2024-05-31,312063,2828,596,3424
2023-05-31,312059,33,4,37
2023-06-30,312059,35705,8358,44063
2023-07-31,312059,26543,7482,34025
2023-08-31,312059,26853,8313,35166
2023-09-30,312059,23438,7387,30825
2023-10-31,312059,25569,8953,34522
2023-11-30,312059,28024,8238,36262
2023-12-31,312059,26591,8902,35493
2024-01-31,312059,23279,8137,31416
2024-02-29,312059,43034,13882,56916
2024-03-31,312059,28091,10994,39085
2024-04-30,312059,24980,9019,33999
2024-05-31,312059,23776,8712,32488
2023-05-31,312064,101,32,133
2023-06-30,312064,55254,61435,116689
2023-07-31,312064,44226,58752,102978
2023-08-31,312064,44442,63372,107814
2023-09-30,312064,41278,59160,100438
2023-10-31,312064,43086,72977,116063
2023-11-30,312064,52287,66793,119080
2023-12-31,312064,56582,74850,131432
2024-01-31,312064,45367,66967,112334
2024-02-29,312064,43933,67854,111787
2024-03-31,312064,51633,71964,123597
2024-04-30,312064,48155,68710,116865
2024-05-31,312064,46378,70006,116384
2023-05-31,312060,76,12,88
2023-06-30,312060,41234,22364,63598
2023-07-31,312060,36713,24595,61308
2023-08-31,312060,39858,44554,84412
2023-09-30,312060,35739,41171,76910
2023-10-31,312060,38854,45407,84261
2023-11-30,312060,42795,24696,67491
2023-12-31,312060,43597,38694,82291
2024-01-31,312060,38589,39973,78562
2024-02-29,312060,41505,45372,86877
2024-03-31,312060,42742,46071,88813
2024-04-30,312060,40821,43689,84510
2024-05-31,312060,39727,45709,85436
2023-05-31,320062,7,7,14
2023-06-30,320062,184475,155259,339734
2023-07-31,320062,153078,161259,314337
2023-08-31,320062,149773,155158,304931
2023-09-30,320062,134390,145690,280080
2023-10-31,320062,177326,174188,351514
2023-11-30,320062,180260,163351,343611
2023-12-31,320062,194174,174727,368901
2024-01-31,320062,156282,161935,318217
2024-02-29,320062,181200,166386,347586
2024-03-31,320062,189470,180641,370111
2024-04-30,320062,182164,164476,346640
2024-05-31,320062,176937,171532,348469
2023-05-31,320060,1,2,3
2023-06-30,320060,207860,176852,384712
2023-07-31,320060,175156,184287,359443
2023-08-31,320060,173406,184372,357778
2023-09-30,320060,161272,175332,336604
2023-10-31,320060,199066,228223,427289
2023-11-30,320060,220993,208275,429268
2023-12-31,320060,219466,224740,444206
2024-01-31,320060,182000,202336,384336
2024-02-29,320060,215071,208374,423445
2024-03-31,320060,215156,224084,439240
2024-04-30,320060,214901,198715,413616
2024-05-31,320060,187248,206223,393471
2023-05-31,320063,44,47,91
2023-06-30,320063,138447,161994,300441
2023-07-31,320063,112248,169918,282166
2023-08-31,320063,111977,170228,282205
2023-09-30,320063,103601,164101,267702
2023-10-31,320063,129896,200267,330163
2023-11-30,320063,151048,187848,338896
2023-12-31,320063,150996,203645,354641
2024-01-31,320063,126217,188248,314465
2024-02-29,320063,144138,188906,333044
2024-03-31,320063,150180,207812,357992
2024-04-30,320063,148367,187962,336329
2024-05-31,320063,128920,196697,325617
2023-05-31,320064,2,3,5
2023-06-30,320064,26255,72583,98838
2023-07-31,320064,24913,44418,69331
2023-08-31,320064,23978,47481,71459
2023-09-30,320064,21649,39720,61369
2023-10-31,320064,11803,67893,79696
2023-11-30,320064,10944,50409,61353
2023-12-31,320064,10344,59849,70193
2024-01-31,320064,7787,53634,61421
2024-02-29,320064,11402,64244,75646
2024-03-31,320064,17996,75436,93432
2024-04-30,320064,21975,88537,110512
2024-05-31,320064,16949,86926,103875
2023-05-31,320058,131,58,189
2023-06-30,320058,143119,51605,194724
2023-07-31,320058,139805,52968,192773
2023-08-31,320058,143043,52725,195768
2023-09-30,320058,136195,50843,187038
2023-10-31,320058,148368,63683,212051
2023-11-30,320058,156297,48515,204812
2023-12-31,320058,155716,55545,211261
2024-01-31,320058,143436,54492,197928
2024-02-29,320058,164943,57675,222618
2024-03-31,320058,169073,61615,230688
2024-04-30,320058,158147,58869,217016
2024-05-31,320058,161586,63344,224930
2023-05-31,320059,435,25,460
2023-06-30,320059,1338718,133405,1472123
2023-07-31,320059,1121632,98569,1220201
2023-08-31,320059,1116952,104614,1221566
2023-09-30,320059,1089677,118201,1207878
2023-10-31,320059,1266356,147823,1414179
2023-11-30,320059,1424418,120479,1544897
2023-12-31,320059,1371409,137012,1508421
2024-01-31,320059,1212262,126417,1338679
2024-02-29,320059,1295624,140131,1435755
2024-03-31,320059,1359389,140912,1500301
2024-04-30,320059,1328622,137969,1466591
2024-05-31,320059,1290390,148246,1438636
2023-05-31,314029,352,92,444
2023-06-30,314029,244850,22713,267563
2023-07-31,314029,229223,24645,253868
2023-08-31,314029,223300,22361,245661
2023-09-30,314029,213877,24808,238685
2023-10-31,314029,237322,28994,266316
2023-11-30,314029,254419,25197,279616
2023-12-31,314029,257209,26630,283839
2024-01-31,314029,249792,25638,275430
2024-02-29,314029,246253,25347,271600
2024-03-31,314029,251457,30417,281874
2024-04-30,314029,226831,28183,255014
2024-05-31,314029,227041,25906,252947
2023-05-31,314025,2,0,2
2023-06-30,314025,305602,5587,311189
2023-07-31,314025,310093,6492,316585
2023-08-31,314025,357648,6873,364521
2023-09-30,314025,319507,6085,325592
2023-10-31,314025,349300,6699,355999
2023-11-30,314025,354964,5911,360875
2023-12-31,314025,362038,6718,368756
2024-01-31,314025,352206,5926,358132
2024-02-29,314025,340821,7928,348749
2024-03-31,314025,378827,9578,388405
2024-04-30,314025,356026,8689,364715
2024-05-31,314025,352079,9252,361331
2023-05-31,314026,12,2,14
2023-06-30,314026,157882,5632,163514
2023-07-31,314026,149636,6662,156298
2023-08-31,314026,154481,8850,163331
2023-09-30,314026,132902,7058,139960
2023-10-31,314026,152764,7432,160196
2023-11-30,314026,156545,6144,162689
2023-12-31,314026,153802,6827,160629
2024-01-31,314026,137328,7463,144791
2024-02-29,314026,136386,8312,144698
2024-03-31,314026,160457,8637,169094
2024-04-30,314026,140207,8130,148337
2024-05-31,314026,140400,8895,149295
2023-05-31,314028,7,0,7
2023-06-30,314028,349378,40508,389886
2023-07-31,314028,288955,34616,323571
2023-08-31,314028,309195,38555,347750
2023-09-30,314028,295041,36426,331467
2023-10-31,314028,331642,40309,371951
2023-11-30,314028,359462,40500,399962
2023-12-31,314028,350033,43328,393361
2024-01-31,314028,313026,36664,349690
2024-02-29,314028,329499,43051,372550
2024-03-31,314028,414411,60683,475094
2024-04-30,314028,361741,55079,416820
2024-05-31,314028,351521,60342,411863
2023-05-31,314027,2,1,3
2023-06-30,314027,338527,27374,365901
2023-07-31,314027,293232,24002,317234
2023-08-31,314027,304458,27396,331854
2023-09-30,314027,289533,30167,319700
2023-10-31,314027,328735,32960,361695
2023-11-30,314027,352486,29062,381548
2023-12-31,314027,356169,31482,387651
2024-01-31,314027,339488,28071,367559
2024-02-29,314027,348272,30259,378531
2024-03-31,314027,428455,39750,468205
2024-04-30,314027,353760,37218,390978
2024-05-31,314027,337751,39742,377493
2023-05-31,314033,83,3,86
2023-06-30,314033,147509,9997,157506
2023-07-31,314033,141917,9619,151536
2023-08-31,314033,152870,9864,162734
2023-09-30,314033,140378,9334,149712
2023-10-31,314033,160069,12108,172177
2023-11-30,314033,167948,11365,179313
2023-12-31,314033,152199,11826,164025
2024-01-31,314033,140775,11006,151781
2024-02-29,314033,126024,8645,134669
2024-03-31,314033,153209,11127,164336
2024-04-30,314033,134483,11457,145940
2024-05-31,314033,131055,12819,143874
2023-05-31,320024,95,30,125
2023-06-30,320024,20979,4438,25417
2023-07-31,320024,18021,5986,24007
2023-08-31,320024,16710,5562,22272
2023-09-30,320024,15719,3986,19705
2023-10-31,320024,19497,4902,24399
2023-11-30,320024,22750,4442,27192
2023-12-31,320024,24071,4652,28723
2024-01-31,320024,20301,4040,24341
2024-02-29,320024,23928,4089,28017
2024-03-31,320024,25080,4554,29634
2024-04-30,320024,22606,3805,26411
2024-05-31,320024,22207,4495,26702
2023-05-31,320053,1,0,1
2023-06-30,320053,118560,22619,141179
2023-07-31,320053,109925,18730,128655
2023-08-31,320053,106472,16987,123459
2023-09-30,320053,95853,16334,112187
2023-10-31,320053,111861,21772,133633
2023-11-30,320053,121683,21697,143380
2023-12-31,320053,120570,24749,145319
2024-01-31,320053,102815,19743,122558
2024-02-29,320053,118405,23657,142062
2024-03-31,320053,113286,24645,137931
2024-04-30,320053,118657,25266,143923
2024-05-31,320053,116318,25150,141468
2023-05-31,320054,109,46,155
2023-06-30,320054,97333,29861,127194
2023-07-31,320054,90566,25099,115665
2023-08-31,320054,93314,30169,123483
2023-09-30,320054,86012,29790,115802
2023-10-31,320054,94957,36428,131385
2023-11-30,320054,107150,29974,137124
2023-12-31,320054,104166,35486,139652
2024-01-31,320054,94607,31883,126490
2024-02-29,320054,117594,34188,151782
2024-03-31,320054,110262,36024,146286
2024-04-30,320054,98161,33111,131272
2024-05-31,320054,96726,36235,132961
2023-05-31,320052,0,1,1
2023-06-30,320052,95771,210864,306635
2023-07-31,320052,90784,218408,309192
2023-08-31,320052,88720,222631,311351
2023-09-30,320052,76487,211725,288212
2023-10-31,320052,80448,250746,331194
2023-11-30,320052,93899,212387,306286
2023-12-31,320052,98964,239844,338808
2024-01-31,320052,83576,217699,301275
2024-02-29,320052,89243,234199,323442
2024-03-31,320052,101637,239193,340830
2024-04-30,320052,87948,225422,313370
2024-05-31,320052,90330,235941,326271
2023-05-31,320025,582,151,733
2023-06-30,320025,138911,25324,164235
2023-07-31,320025,108803,28310,137113
2023-08-31,320025,101468,28268,129736
2023-09-30,320025,94103,26537,120640
2023-10-31,320025,114608,38703,153311
2023-11-30,320025,155911,36251,192162
2023-12-31,320025,151286,39092,190378
2024-01-31,320025,112313,31014,143327
2024-02-29,320025,135536,35350,170886
2024-03-31,320025,152970,39553,192523
2024-04-30,320025,137863,37710,175573
2024-05-31,320025,129358,43337,172695
2023-05-31,320028,129,45,174
2023-06-30,320028,134329,19775,154104
2023-07-31,320028,125742,19524,145266
2023-08-31,320028,112473,21302,133775
2023-09-30,320028,101197,21821,123018
2023-10-31,320028,114114,27284,141398
2023-11-30,320028,124631,24689,149320
2023-12-31,320028,127887,26803,154690
2024-01-31,320028,107539,23568,131107
2024-02-29,320028,117948,24385,142333
2024-03-31,320028,111207,27921,139128
2024-04-30,320028,112247,26495,138742
2024-05-31,320028,110661,27718,138379
2023-05-31,320055,209,49,258
2023-06-30,320055,163749,29198,192947
2023-07-31,320055,136147,23683,159830
2023-08-31,320055,155984,29025,185009
2023-09-30,320055,148251,28089,176340
2023-10-31,320055,167676,32617,200293
2023-11-30,320055,188665,27288,215953
2023-12-31,320055,192371,32250,224621
2024-01-31,320055,175504,28896,204400
2024-02-29,320055,192223,31073,223296
2024-03-31,320055,189165,32562,221727
2024-04-30,320055,176276,30991,207267
2024-05-31,320055,179288,33312,212600
2023-05-31,312073,3,1,4
2023-06-30,312073,127678,44475,172153
2023-07-31,312073,133039,49433,182472
2023-08-31,312073,128685,53588,182273
2023-09-30,312073,140965,52513,193478
2023-10-31,312073,156864,64680,221544
2023-11-30,312073,168013,52288,220301
2023-12-31,312073,190980,62322,253302
2024-01-31,312073,173233,66385,239618
2024-02-29,312073,192578,73772,266350
2024-03-31,312073,208601,76600,285201
2024-04-30,312073,191908,70242,262150
2024-05-31,312073,190149,73809,263958
2023-05-31,320136,3,1,4
2023-06-30,320136,74905,26254,101159
2023-07-31,320136,57151,23283,80434
2023-08-31,320136,53875,21335,75210
2023-09-30,320136,50257,21708,71965
2023-10-31,320136,59107,33704,92811
2023-11-30,320136,67404,32944,100348
2023-12-31,320136,66514,30771,97285
2024-01-31,320136,54878,29624,84502
2024-02-29,320136,60524,30824,91348
2024-03-31,320136,63392,33571,96963
2024-04-30,320136,62409,31467,93876
2024-05-31,320136,66125,32396,98521
2023-05-31,318007,33,25,58
2023-06-30,318007,212747,117672,330419
2023-07-31,318007,170078,107935,278013
2023-08-31,318007,135811,117618,253429
2023-09-30,318007,137626,120154,257780
2023-10-31,318007,161821,151145,312966
2023-11-30,318007,175318,127435,302753
2023-12-31,318007,175820,123587,299407
2024-01-31,318007,162082,108657,270739
2024-02-29,318007,161979,107935,269914
2024-03-31,318007,189389,131138,320527
2024-04-30,318007,179537,122210,301747
2024-05-31,318007,195355,132609,327964
2023-05-31,318008,3,2,5
2023-06-30,318008,269676,70914,340590
2023-07-31,318008,222448,71811,294259
2023-08-31,318008,167174,69085,236259
2023-09-30,318008,184556,69289,253845
2023-10-31,318008,219203,87542,306745
2023-11-30,318008,225182,73968,299150
2023-12-31,318008,217911,70188,288099
2024-01-31,318008,163556,51358,214914
2024-02-29,318008,1,0,1
2023-05-31,318006,197,113,310
2023-06-30,318006,366614,73993,440607
2023-07-31,318006,325565,62041,387606
2023-08-31,318006,287850,78732,366582
2023-09-30,318006,267144,74220,341364
2023-10-31,318006,296576,83048,379624
2023-11-30,318006,275583,72853,348436
2023-12-31,318006,304523,61584,366107
2024-01-31,318006,269094,51043,320137
2024-02-29,318006,258571,44370,302941
2024-03-31,318006,306026,62445,368471
2024-04-30,318006,336499,57193,393692
2024-05-31,318006,386179,76882,463061
2023-05-31,318004,297,29,326
2023-06-30,318004,396803,59118,455921
2023-07-31,318004,320546,54837,375383
2023-08-31,318004,296499,64971,361470
2023-09-30,318004,294474,61193,355667
2023-10-31,318004,363604,72062,435666
2023-11-30,318004,363273,59139,422412
2023-12-31,318004,406455,52300,458755
2024-01-31,318004,366436,41754,408190
2024-02-29,318004,362945,38735,401680
2024-03-31,318004,387087,52406,439493
2024-04-30,318004,371192,47820,419012
2024-05-31,318004,399960,60345,460305
2023-06-30,317002,347017,17508,364525
2023-07-31,317002,65107,4960,70067
2023-08-31,317002,0,0,0
2023-09-30,317002,2,0,2
2023-10-31,317002,1,0,1
2023-06-30,317003,504290,27142,531432
2023-07-31,317003,282462,28304,310766
2023-08-31,317003,64181,9340,73521
2023-09-30,317003,318141,37294,355435
2023-10-31,317003,368931,32374,401305
2023-11-30,317003,347987,23703,371690
2023-12-31,317003,383845,24121,407966
2024-01-31,317003,330053,20133,350186
2024-02-29,317003,323088,20422,343510
2024-03-31,317003,379457,23885,403342
2024-04-30,317003,376393,25904,402297
2024-05-31,317003,432292,28420,460712
2023-06-30,314042,91248,8360,99608
2023-07-31,314042,78827,7358,86185
2023-08-31,314042,80450,7221,87671
2023-09-30,314042,65109,6392,71501
2023-10-31,314042,84352,9698,94050
2023-11-30,314042,91268,9506,100774
2023-12-31,314042,89053,9530,98583
2024-01-31,314042,83512,8601,92113
2024-02-29,314042,72767,7672,80439
2024-03-31,314042,88000,10493,98493
2024-04-30,314042,76073,9466,85539
2024-05-31,314042,73559,8345,81904
2023-05-31,312043,692,428,1120
2023-06-30,312043,82132,84785,166917
2023-07-31,312043,80005,84966,164971
2023-08-31,312043,77304,88340,165644
2023-09-30,312043,81073,84370,165443
2023-10-31,312043,85883,100047,185930
2023-11-30,312043,89729,85056,174785
2023-12-31,312043,89946,92488,182434
2024-01-31,312043,82603,86759,169362
2024-02-29,312043,88313,92253,180566
2024-03-31,312043,90019,90739,180758
2024-04-30,312043,87487,88901,176388
2024-05-31,312043,86767,92210,178977
2023-05-31,312044,534,256,790
2023-06-30,312044,56379,36648,93027
2023-07-31,312044,53980,36284,90264
2023-08-31,312044,47361,36585,83946
2023-09-30,312044,50809,36432,87241
2023-10-31,312044,57240,42481,99721
2023-11-30,312044,57203,36524,93727
2023-12-31,312044,58019,40151,98170
2024-01-31,312044,54103,38644,92747
2024-02-29,312044,60988,41626,102614
2024-03-31,312044,67837,49419,117256
2024-04-30,312044,59290,42944,102234
2024-05-31,312044,63613,47038,110651
2023-05-31,312046,1612,1180,2792
2023-06-30,312046,186704,147500,334204
2023-07-31,312046,160731,139423,300154
2023-08-31,312046,151119,140452,291571
2023-09-30,312046,164746,138117,302863
2023-10-31,312046,170415,178104,348519
2023-11-30,312046,198849,149133,347982
2023-12-31,312046,197340,164958,362298
2024-01-31,312046,168306,153770,322076
2024-02-29,312046,176229,163364,339593
2024-03-31,312046,194347,177159,371506
2024-04-30,312046,183350,161482,344832
2024-05-31,312046,179769,170938,350707
2023-05-31,312045,287,164,451
2023-06-30,312045,41528,31142,72670
2023-07-31,312045,38382,29592,67974
2023-08-31,312045,27641,25933,53574
2023-09-30,312045,34421,28083,62504
2023-10-31,312045,37756,35474,73230
2023-11-30,312045,42816,30778,73594
2023-12-31,312045,42752,33688,76440
2024-01-31,312045,40048,32238,72286
2024-02-29,312045,45039,34309,79348
2024-03-31,312045,48280,36839,85119
2024-04-30,312045,44969,35589,80558
2024-05-31,312045,43618,35521,79139
2023-05-31,312047,20,3,23
2023-06-30,312047,708773,40355,749128
2023-07-31,312047,721977,44065,766042
2023-08-31,312047,666692,47258,713950
2023-09-30,312047,681108,46146,727254
2023-10-31,312047,766491,53535,820026
2023-11-30,312047,792790,42155,834945
2023-12-31,312047,859266,49275,908541
2024-01-31,312047,777786,48012,825798
2024-02-29,312047,823682,56689,880371
2024-03-31,312047,859515,61858,921373
2024-04-30,312047,828301,56949,885250
2024-05-31,312047,828576,52772,881348
2023-05-31,312048,8,0,8
2023-06-30,312048,143305,44620,187925
2023-07-31,312048,127554,37319,164873
2023-08-31,312048,146977,41586,188563
2023-09-30,312048,133974,40255,174229
2023-10-31,312048,148112,51205,199317
2023-11-30,312048,146789,39039,185828
2023-12-31,312048,143578,45137,188715
2024-01-31,312048,134598,40891,175489
2024-02-29,312048,134791,44319,179110
2024-03-31,312048,135188,46047,181235
2024-04-30,312048,128763,44167,172930
2024-05-31,312048,132055,47140,179195
2023-05-31,312068,250,72,322
2023-06-30,312068,96683,42713,139396
2023-07-31,312068,117058,52993,170051
2023-08-31,312068,143499,78174,221673
2023-09-30,312068,112330,51040,163370
2023-10-31,312068,112766,65936,178702
2023-11-30,312068,133830,51483,185313
2023-12-31,312068,150473,63697,214170
2024-01-31,312068,130970,65868,196838
2024-02-29,312068,117012,71617,188629
2024-03-31,312068,120968,82269,203237
2024-04-30,312068,126379,70930,197309
2024-05-31,312068,127947,76009,203956
2023-05-31,312066,22,5,27
2023-06-30,312066,190360,47907,238267
2023-07-31,312066,162549,38375,200924
2023-08-31,312066,170467,39865,210332
2023-09-30,312066,157036,36619,193655
2023-10-31,312066,175697,39557,215254
2023-11-30,312066,181550,34819,216369
2023-12-31,312066,188174,39657,227831
2024-01-31,312066,169648,36246,205894
2024-02-29,312066,172597,42890,215487
2024-03-31,312066,184525,44655,229180
2024-04-30,312066,182238,47396,229634
2024-05-31,312066,175218,47323,222541
2023-05-31,312065,107,7,114
2023-06-30,312065,82528,27803,110331
2023-07-31,312065,60046,24772,84818
2023-08-31,312065,62623,26153,88776
2023-09-30,312065,58675,24927,83602
2023-10-31,312065,63790,31166,94956
2023-11-30,312065,72428,27496,99924
2023-12-31,312065,76683,30169,106852
2024-01-31,312065,66872,28479,95351
2024-02-29,312065,66435,28592,95027
2024-03-31,312065,74916,34299,109215
2024-04-30,312065,69589,34249,103838
2024-05-31,312065,67480,34626,102106
2023-05-31,312067,375,16,391
2023-06-30,312067,117155,10452,127607
2023-07-31,312067,115467,12220,127687
2023-08-31,312067,112706,15701,128407
2023-09-30,312067,112887,13756,126643
2023-10-31,312067,129996,17263,147259
2023-11-30,312067,138479,12408,150887
2023-12-31,312067,154852,16158,171010
2024-01-31,312067,136450,15126,151576
2024-02-29,312067,142421,18157,160578
2024-03-31,312067,156208,21119,177327
2024-04-30,312067,139084,18089,157173
2024-05-31,312067,128171,15390,143561
2023-05-31,312069,174,13,187
2023-06-30,312069,10367,8169,18536
2023-07-31,312069,9508,7119,16627
2023-08-31,312069,7142,7890,15032
2023-09-30,312069,7340,5692,13032
2023-10-31,312069,8753,6989,15742
2023-11-30,312069,9623,6284,15907
2023-12-31,312069,9934,7744,17678
2024-01-31,312069,8695,7123,15818
2024-02-29,312069,10236,9178,19414
2024-03-31,312069,9722,12245,21967
2024-04-30,312069,9778,11010,20788
2024-05-31,312069,9182,11640,20822
2023-05-31,312071,40,6,46
2023-06-30,312071,177163,40074,217237
2023-07-31,312071,130392,26173,156565
2023-08-31,312071,144531,32189,176720
2023-09-30,312071,135810,31871,167681
2023-10-31,312071,161121,44901,206022
2023-11-30,312071,169790,42551,212341
2023-12-31,312071,156925,43255,200180
2024-01-31,312071,139843,37361,177204
2024-02-29,312071,146027,36155,182182
2024-03-31,312071,156703,39611,196314
2024-04-30,312071,162458,35009,197467
2024-05-31,312071,183030,38137,221167
2023-05-31,312070,37,20,57
2023-06-30,312070,25437,18314,43751
2023-07-31,312070,26063,17332,43395
2023-08-31,312070,23721,22805,46526
2023-09-30,312070,41937,29511,71448
2023-10-31,312070,41414,38889,80303
2023-11-30,312070,43658,29420,73078
2023-12-31,312070,48956,38311,87267
2024-01-31,312070,43917,40093,84010
2024-02-29,312070,46332,44717,91049
2024-03-31,312070,45782,51443,97225
2024-04-30,312070,45044,45048,90092
2024-05-31,312070,49129,49901,99030
2023-05-31,312051,24,5,29
2023-06-30,312051,17340,2645,19985
2023-07-31,312051,12157,2101,14258
2023-08-31,312051,13319,1951,15270
2023-09-30,312051,11997,2111,14108
2023-10-31,312051,13658,3188,16846
2023-11-30,312051,16094,4675,20769
2023-12-31,312051,16955,3003,19958
2024-01-31,312051,14862,2331,17193
2024-02-29,312051,17763,4020,21783
2024-03-31,312051,17976,4132,22108
2024-04-30,312051,15770,3270,19040
2024-05-31,312051,15468,3317,18785
2023-05-31,312049,133,63,196
2023-06-30,312049,637076,251142,888218
2023-07-31,312049,538901,258379,797280
2023-08-31,312049,548017,262173,810190
2023-09-30,312049,544297,260881,805178
2023-10-31,312049,573828,315657,889485
2023-11-30,312049,675189,277979,953168
2023-12-31,312049,672175,292109,964284
2024-01-31,312049,565029,263330,828359
2024-02-29,312049,616314,282012,898326
2024-03-31,312049,714830,295291,1010121
2024-04-30,312049,644620,275064,919684
2024-05-31,312049,620296,286906,907202
2023-05-31,312050,4262,1197,5459
2023-06-30,312050,960837,124726,1085563
2023-07-31,312050,897280,126128,1023408
2023-08-31,312050,909838,132250,1042088
2023-09-30,312050,863799,126483,990282
2023-10-31,312050,946259,140562,1086821
2023-11-30,312050,1016226,117398,1133624
2023-12-31,312050,1041390,128956,1170346
2024-01-31,312050,974428,120039,1094467
2024-02-29,312050,1026023,129289,1155312
2024-03-31,312050,1062470,132989,1195459
2024-04-30,312050,1006936,125401,1132337
2024-05-31,312050,1007713,131668,1139381
2023-05-31,312053,14,5,19
2023-06-30,312053,13666,3615,17281
2023-07-31,312053,10716,2692,13408
2023-08-31,312053,11954,2734,14688
2023-09-30,312053,10793,2855,13648
2023-10-31,312053,11038,4050,15088
2023-11-30,312053,14683,4159,18842
2023-12-31,312053,14611,4325,18936
2024-01-31,312053,13511,4024,17535
2024-02-29,312053,14710,6055,20765
2024-03-31,312053,14717,5914,20631
2024-04-30,312053,12927,5479,18406
2024-05-31,312053,12635,5882,18517
2023-05-31,312052,41,1,42
2023-06-30,312052,16984,1811,18795
2023-07-31,312052,14753,1711,16464
2023-08-31,312052,15970,1739,17709
2023-09-30,312052,14291,1651,15942
2023-10-31,312052,16228,3154,19382
2023-11-30,312052,18901,4089,22990
2023-12-31,312052,18876,3221,22097
2024-01-31,312052,17696,2882,20578
2024-02-29,312052,20236,4037,24273
2024-03-31,312052,21237,3134,24371
2024-04-30,312052,18412,2831,21243
2024-05-31,312052,17811,2862,20673
2023-05-31,312054,13,6,19
2023-06-30,312054,17587,6993,24580
2023-07-31,312054,16424,6308,22732
2023-08-31,312054,16561,6733,23294
2023-09-30,312054,14796,6339,21135
2023-10-31,312054,16366,9872,26238
2023-11-30,312054,18977,11251,30228
2023-12-31,312054,18967,10130,29097
2024-01-31,312054,17164,9876,27040
2024-02-29,312054,18668,12351,31019
2024-03-31,312054,21779,10961,32740
2024-04-30,312054,20272,9256,29528
2024-05-31,312054,19930,10273,30203
2023-05-31,312055,14,1,15
2023-06-30,312055,12831,4465,17296
2023-07-31,312055,11502,3539,15041
2023-08-31,312055,12212,4558,16770
2023-09-30,312055,10764,4128,14892
2023-10-31,312055,12109,5518,17627
2023-11-30,312055,13578,6076,19654
2023-12-31,312055,14093,5077,19170
2024-01-31,312055,13005,4913,17918
2024-02-29,312055,13406,5413,18819
2024-03-31,312055,14742,5881,20623
2024-04-30,312055,13631,4598,18229
2024-05-31,312055,13492,4940,18432
2023-06-30,320078,35726,21841,57567
2023-07-31,320078,29555,18823,48378
2023-08-31,320078,30181,18629,48810
2023-09-30,320078,26920,18215,45135
2023-10-31,320078,33422,22455,55877
2023-11-30,320078,38821,22347,61168
2023-12-31,320078,40980,27183,68163
2024-01-31,320078,34824,26109,60933
2024-02-29,320078,39183,27939,67122
2024-03-31,320078,36873,30111,66984
2024-04-30,320078,39311,26172,65483
2024-05-31,320078,38906,27802,66708
2023-06-30,320077,173439,49799,223238
2023-07-31,320077,148688,42153,190841
2023-08-31,320077,160442,54588,215030
2023-09-30,320077,139761,50776,190537
2023-10-31,320077,162975,65133,228108
2023-11-30,320077,190733,56444,247177
2023-12-31,320077,185759,53654,239413
2024-01-31,320077,157001,44290,201291
2024-02-29,320077,184900,49239,234139
2024-03-31,320077,183572,55737,239309
2024-04-30,320077,166379,48696,215075
2024-05-31,320077,162605,51312,213917
2023-05-31,320074,6,14,20
2023-06-30,320074,84017,89460,173477
2023-07-31,320074,69458,94142,163600
2023-08-31,320074,70590,97304,167894
2023-09-30,320074,64250,88801,153051
2023-10-31,320074,77790,101462,179252
2023-11-30,320074,100149,86075,186224
2023-12-31,320074,102522,101134,203656
2024-01-31,320074,78964,90083,169047
2024-02-29,320074,87370,100524,187894
2024-03-31,320074,88957,116791,205748
2024-04-30,320074,95575,100129,195704
2024-05-31,320074,88316,98172,186488
2023-05-31,320076,11,3,14
2023-06-30,320076,157928,71380,229308
2023-07-31,320076,140820,68745,209565
2023-08-31,320076,135601,67513,203114
2023-09-30,320076,120580,59333,179913
2023-10-31,320076,142216,70001,212217
2023-11-30,320076,162272,66978,229250
2023-12-31,320076,163533,72136,235669
2024-01-31,320076,135666,63749,199415
2024-02-29,320076,157514,62990,220504
2024-03-31,320076,156291,66172,222463
2024-04-30,320076,157191,62597,219788
2024-05-31,320076,154083,67973,222056
2023-05-31,320079,1,0,1
2023-06-30,320079,423875,72812,496687
2023-07-31,320079,317382,69979,387361
2023-08-31,320079,290005,73170,363175
2023-09-30,320079,281174,46527,327701
2023-10-31,320079,323212,65011,388223
2023-11-30,320079,329093,68347,397440
2023-12-31,320079,307821,66773,374594
2024-01-31,320079,272598,55013,327611
2024-02-29,320079,285571,63463,349034
2024-03-31,320079,336290,68432,404722
2024-04-30,320079,317831,56719,374550
2024-05-31,320079,349098,67531,416629
2023-06-30,320075,91006,25488,116494
2023-07-31,320075,74075,24374,98449
2023-08-31,320075,67652,26946,94598
2023-09-30,320075,62664,27185,89849
2023-10-31,320075,73626,32540,106166
2023-11-30,320075,87019,30947,117966
2023-12-31,320075,87411,32381,119792
2024-01-31,320075,70939,28436,99375
2024-02-29,320075,90450,29600,120050
2024-03-31,320075,81373,36790,118163
2024-04-30,320075,92597,38298,130895
2024-05-31,320075,90648,37399,128047
2023-05-31,312042,505,273,778
2023-06-30,312042,122582,88787,211369
2023-07-31,312042,121559,89015,210574
2023-08-31,312042,121075,92241,213316
2023-09-30,312042,114886,87063,201949
2023-10-31,312042,122060,103114,225174
2023-11-30,312042,119551,86771,206322
2023-12-31,312042,121305,98630,219935
2024-01-31,312042,112421,87396,199817
2024-02-29,312042,110393,86573,196966
2024-03-31,312042,113679,90693,204372
2024-04-30,312042,105549,85537,191086
2024-05-31,312042,105323,90561,195884
2023-05-31,320022,37,14,51
2023-06-30,320022,14765,2732,17497
2023-07-31,320022,12625,2624,15249
2023-08-31,320022,12652,3053,15705
2023-09-30,320022,12359,2495,14854
2023-10-31,320022,13932,3251,17183
2023-11-30,320022,17033,2844,19877
2023-12-31,320022,17272,3311,20583
2024-01-31,320022,14291,2796,17087
2024-02-29,320022,17374,3764,21138
2024-03-31,320022,17533,4816,22349
2024-04-30,320022,16254,4403,20657
2024-05-31,320022,15305,4358,19663
2023-05-31,320023,54,62,116
2023-06-30,320023,18688,8752,27440
2023-07-31,320023,18688,11611,30299
2023-08-31,320023,19962,12757,32719
2023-09-30,320023,17947,11857,29804
2023-10-31,320023,21549,16748,38297
2023-11-30,320023,25624,16544,42168
2023-12-31,320023,26781,19501,46282
2024-01-31,320023,22569,16571,39140
2024-02-29,320023,26829,16361,43190
2024-03-31,320023,28343,18460,46803
2024-04-30,320023,26732,16478,43210
2024-05-31,320023,26236,19254,45490
2023-05-31,320021,49,31,80
2023-06-30,320021,17075,3952,21027
2023-07-31,320021,14174,4417,18591
2023-08-31,320021,13235,4482,17717
2023-09-30,320021,12585,3782,16367
2023-10-31,320021,14446,4872,19318
2023-11-30,320021,17321,4322,21643
2023-12-31,320021,17477,6109,23586
2024-01-31,320021,14162,4770,18932
2024-02-29,320021,18124,4602,22726
2024-03-31,320021,17638,4684,22322
2024-04-30,320021,17147,4251,21398
2024-05-31,320021,15691,4503,20194
2023-05-31,320020,57,47,104
2023-06-30,320020,15792,12857,28649
2023-07-31,320020,13664,10289,23953
2023-08-31,320020,13455,8524,21979
2023-09-30,320020,12388,10128,22516
2023-10-31,320020,14402,14107,28509
2023-11-30,320020,18794,11326,30120
2023-12-31,320020,17281,11384,28665
2024-01-31,320020,14027,10920,24947
2024-02-29,320020,16706,13007,29713
2024-03-31,320020,18006,15930,33936
2024-04-30,320020,17232,16619,33851
2024-05-31,320020,16230,17098,33328
2023-05-31,320018,174,19,193
2023-06-30,320018,7112,607,7719
2023-07-31,320018,4983,654,5637
2023-08-31,320018,5797,557,6354
2023-09-30,320018,5580,510,6090
2023-10-31,320018,6411,679,7090
2023-11-30,320018,9633,691,10324
2023-12-31,320018,7847,610,8457
2024-01-31,320018,6366,555,6921
2024-02-29,320018,8186,577,8763
2024-03-31,320018,9227,683,9910
2024-04-30,320018,9396,590,9986
2024-05-31,320018,7654,699,8353
2023-06-30,313005,32234,3209,35443
2023-07-31,313005,28315,2840,31155
2023-08-31,313005,31525,3364,34889
2023-09-30,313005,28875,3344,32219
2023-10-31,313005,29747,3806,33553
2023-11-30,313005,33982,3040,37022
2023-12-31,313005,36153,3375,39528
2024-01-31,313005,31252,3444,34696
2024-02-29,313005,29755,3705,33460
2024-03-31,313005,32886,4568,37454
2024-04-30,313005,28264,3961,32225
2024-05-31,313005,32224,4792,37016
2023-06-30,313004,27278,2795,30073
2023-07-31,313004,24429,2446,26875
2023-08-31,313004,23072,2455,25527
2023-09-30,313004,21141,2297,23438
2023-10-31,313004,23999,2703,26702
2023-11-30,313004,25437,2871,28308
2023-12-31,313004,25784,2873,28657
2024-01-31,313004,24567,2141,26708
2024-02-29,313004,24357,2659,27016
2024-03-31,313004,26249,2482,28731
2024-04-30,313004,26533,3251,29784
2024-05-31,313004,24111,2890,27001
2023-05-31,314015,38,10,48
2023-06-30,314015,246512,34155,280667
2023-07-31,314015,212830,32591,245421
2023-08-31,314015,234693,34346,269039
2023-09-30,314015,210658,33758,244416
2023-10-31,314015,233666,43583,277249
2023-11-30,314015,261090,43264,304354
2023-12-31,314015,273350,44241,317591
2024-01-31,314015,256851,37482,294333
2024-02-29,314015,215961,31747,247708
2024-03-31,314015,276121,43514,319635
2024-04-30,314015,252462,40393,292855
2024-05-31,314015,242123,38563,280686
2023-05-31,314024,3,0,3
2023-06-30,314024,60593,2062,62655
2023-07-31,314024,37557,2153,39710
2023-08-31,314024,37859,2617,40476
2023-09-30,314024,38062,3109,41171
2023-10-31,314024,49308,4804,54112
2023-11-30,314024,50449,4149,54598
2023-12-31,314024,59902,2431,62333
2024-01-31,314024,46283,1731,48014
2024-02-29,314024,33148,1755,34903
2024-03-31,314024,56495,2019,58514
2024-04-30,314024,43023,1577,44600
2024-05-31,314024,52446,2222,54668
2023-06-30,318010,102008,38052,140060
2023-07-31,318010,78753,33730,112483
2023-08-31,318010,73661,41443,115104
2023-09-30,318010,69155,39860,109015
2023-10-31,318010,84365,50265,134630
2023-11-30,318010,93788,39073,132861
2023-12-31,318010,103831,35452,139283
2024-01-31,318010,96772,29052,125824
2024-02-29,318010,98299,26297,124596
2024-03-31,318010,93227,33762,126989
2024-04-30,318010,94491,33805,128296
2024-05-31,318010,110310,40212,150522
2023-05-31,320013,682,264,946
2023-06-30,320013,163468,30156,193624
2023-07-31,320013,118598,29456,148054
2023-08-31,320013,120084,28293,148377
2023-09-30,320013,108442,26504,134946
2023-10-31,320013,129633,34756,164389
2023-11-30,320013,200268,34720,234988
2023-12-31,320013,160410,39491,199901
2024-01-31,320013,128159,33156,161315
2024-02-29,320013,147045,35541,182586
2024-03-31,320013,173023,36427,209450
2024-04-30,320013,158625,34054,192679
2024-05-31,320013,134611,36190,170801
2023-05-31,320014,32,81,113
2023-06-30,320014,9241,10841,20082
2023-07-31,320014,6980,11172,18152
2023-08-31,320014,6764,11116,17880
2023-09-30,320014,6171,9664,15835
2023-10-31,320014,9379,12711,22090
2023-11-30,320014,9393,10911,20304
2023-12-31,320014,8353,11899,20252
2024-01-31,320014,7414,11249,18663
2024-02-29,320014,8552,11236,19788
2024-03-31,320014,8906,11296,20202
2024-04-30,320014,8803,10012,18815
2024-05-31,320014,7676,9212,16888
2023-05-31,318012,1,0,1
2023-06-30,318012,82378,31274,113652
2023-07-31,318012,59255,28149,87404
2023-08-31,318012,46809,33864,80673
2023-09-30,318012,50793,34461,85254
2023-10-31,318012,67546,45728,113274
2023-11-30,318012,70287,32845,103132
2023-12-31,318012,78331,29228,107559
2024-01-31,318012,70131,24319,94450
2024-02-29,318012,72956,21997,94953
2024-03-31,318012,74416,30085,104501
2024-04-30,318012,69719,29412,99131
2024-05-31,318012,88112,35111,123223
2023-06-30,318011,72884,36107,108991
2023-07-31,318011,59048,27828,86876
2023-08-31,318011,44655,39886,84541
2023-09-30,318011,49234,42877,92111
2023-10-31,318011,68190,54288,122478
2023-11-30,318011,74385,43836,118221
2023-12-31,318011,86155,36599,122754
2024-01-31,318011,73324,30580,103904
2024-02-29,318011,61308,24433,85741
2024-03-31,318011,64804,36655,101459
2024-04-30,318011,65826,33379,99205
2024-05-31,318011,81014,43725,124739
2023-05-31,320083,1,1,2
2023-06-30,320083,285721,64476,350197
2023-07-31,320083,283198,46846,330044
2023-08-31,320083,278759,43436,322195
2023-09-30,320083,238626,41940,280566
2023-10-31,320083,282679,53391,336070
2023-11-30,320083,300556,56375,356931
2023-12-31,320083,304563,65028,369591
2024-01-31,320083,270562,50328,320890
2024-02-29,320083,302747,67307,370054
2024-03-31,320083,296159,59150,355309
2024-04-30,320083,309230,72148,381378
2024-05-31,320083,297403,71509,368912
2023-05-31,320086,218,50,268
2023-06-30,320086,26412,5735,32147
2023-07-31,320086,25803,5861,31664
2023-08-31,320086,24246,6121,30367
2023-09-30,320086,21592,5595,27187
2023-10-31,320086,24577,7888,32465
2023-11-30,320086,26972,8491,35463
2023-12-31,320086,27474,9897,37371
2024-01-31,320086,24438,7246,31684
2024-02-29,320086,28109,6885,34994
2024-03-31,320086,26901,5920,32821
2024-04-30,320086,27187,6574,33761
2024-05-31,320086,23931,7236,31167
2023-05-31,320081,28,11,39
2023-06-30,320081,237777,30200,267977
2023-07-31,320081,170581,27372,197953
2023-08-31,320081,167500,28397,195897
2023-09-30,320081,174084,29093,203177
2023-10-31,320081,200900,37221,238121
2023-11-30,320081,218867,32380,251247
2023-12-31,320081,220685,34421,255106
2024-01-31,320081,193804,33262,227066
2024-02-29,320081,189193,36167,225360
2024-03-31,320081,219886,37530,257416
2024-04-30,320081,219842,35671,255513
2024-05-31,320081,248824,41714,290538
2023-05-31,320084,24,4,28
2023-06-30,320084,141953,20353,162306
2023-07-31,320084,131780,17178,148958
2023-08-31,320084,130891,16541,147432
2023-09-30,320084,120844,15892,136736
2023-10-31,320084,141303,19333,160636
2023-11-30,320084,147591,19523,167114
2023-12-31,320084,160936,24576,185512
2024-01-31,320084,137248,22893,160141
2024-02-29,320084,147968,23550,171518
2024-03-31,320084,141293,25232,166525
2024-04-30,320084,151109,24166,175275
2024-05-31,320084,143876,25271,169147
2023-05-31,320085,13,3,16
2023-06-30,320085,85764,22457,108221
2023-07-31,320085,77727,19774,97501
2023-08-31,320085,74790,17574,92364
2023-09-30,320085,72722,18505,91227
2023-10-31,320085,83918,25996,109914
2023-11-30,320085,93152,23117,116269
2023-12-31,320085,89360,24679,114039
2024-01-31,320085,73857,22432,96289
2024-02-29,320085,82740,23942,106682
2024-03-31,320085,80568,22686,103254
2024-04-30,320085,77291,21420,98711
2024-05-31,320085,74149,22751,96900
2023-05-31,320080,4,0,4
2023-06-30,320080,326612,72768,399380
2023-07-31,320080,225054,58261,283315
2023-08-31,320080,229170,61643,290813
2023-09-30,320080,218238,66225,284463
2023-10-31,320080,253298,94869,348167
2023-11-30,320080,266879,71221,338100
2023-12-31,320080,235405,70693,306098
2024-01-31,320080,215117,57048,272165
2024-02-29,320080,245582,87402,332984
2024-03-31,320080,281306,86342,367648
2024-04-30,320080,262478,77230,339708
2024-05-31,320080,266478,65750,332228
2023-06-30,320096,25660,28227,53887
2023-07-31,320096,23880,27295,51175
2023-08-31,320096,21944,24714,46658
2023-09-30,320096,19099,23850,42949
2023-10-31,320096,27315,34059,61374
2023-11-30,320096,29215,34594,63809
2023-12-31,320096,29188,36783,65971
2024-01-31,320096,25292,39395,64687
2024-02-29,320096,28763,34314,63077
2024-03-31,320096,27045,34588,61633
2024-04-30,320096,31044,33986,65030
2024-05-31,320096,34248,37223,71471
2023-05-31,320102,1973,465,2438
2023-06-30,320102,304827,41632,346459
2023-07-31,320102,246896,32893,279789
2023-08-31,320102,187503,37780,225283
2023-09-30,320102,131331,32510,163841
2023-10-31,320102,150017,37120,187137
2023-11-30,320102,164739,31151,195890
2023-12-31,320102,162773,35626,198399
2024-01-31,320102,141971,34691,176662
2024-02-29,320102,158717,39567,198284
2024-03-31,320102,174179,41894,216073
2024-04-30,320102,224304,42775,267079
2024-05-31,320102,233380,47041,280421
2023-05-31,320100,1670,56,1726
2023-06-30,320100,128680,4867,133547
2023-07-31,320100,80965,3480,84445
2023-08-31,320100,103286,4909,108195
2023-09-30,320100,98409,4259,102668
2023-10-31,320100,114243,4367,118610
2023-11-30,320100,129481,3636,133117
2023-12-31,320100,122557,4203,126760
2024-01-31,320100,113743,4226,117969
2024-02-29,320100,119985,4611,124596
2024-03-31,320100,138571,4881,143452
2024-04-30,320100,130908,4436,135344
2024-05-31,320100,128686,4782,133468
2023-05-31,320097,565,270,835
2023-06-30,320097,55869,29367,85236
2023-07-31,320097,54478,24826,79304
2023-08-31,320097,54263,22050,76313
2023-09-30,320097,46677,21485,68162
2023-10-31,320097,60286,26011,86297
2023-11-30,320097,62720,22680,85400
2023-12-31,320097,65298,28204,93502
2024-01-31,320097,56850,21849,78699
2024-02-29,320097,65124,21253,86377
2024-03-31,320097,67371,24157,91528
2024-04-30,320097,65130,23576,88706
2024-05-31,320097,64558,25931,90489
2023-05-31,314019,253,58,311
2023-06-30,314019,119663,31037,150700
2023-07-31,314019,105971,30832,136803
2023-08-31,314019,109428,33084,142512
2023-09-30,314019,102831,30418,133249
2023-10-31,314019,114697,38153,152850
2023-11-30,314019,106965,31730,138695
2023-12-31,314019,121636,33403,155039
2024-01-31,314019,109099,30198,139297
2024-02-29,314019,97809,27208,125017
2024-03-31,314019,122239,36609,158848
2024-04-30,314019,95941,37625,133566
2024-05-31,314019,94433,38057,132490
2023-05-31,314023,12,12,24
2023-06-30,314023,110546,51789,162335
2023-07-31,314023,82869,42897,125766
2023-08-31,314023,121187,63212,184399
2023-09-30,314023,66761,35119,101880
2023-10-31,314023,25974,15298,41272
2023-11-30,314023,118040,67954,185994
2023-12-31,314023,93859,50354,144213
2024-01-31,314023,109957,53075,163032
2024-02-29,314023,78276,30792,109068
2024-03-31,314023,135444,44730,180174
2024-04-30,314023,121923,42837,164760
2024-05-31,314023,111046,42483,153529
2023-05-31,320065,4,6,10
2023-06-30,320065,41903,24421,66324
2023-07-31,320065,40578,18573,59151
2023-08-31,320065,42276,21898,64174
2023-09-30,320065,37737,20441,58178
2023-10-31,320065,46493,41020,87513
2023-11-30,320065,51390,34607,85997
2023-12-31,320065,53210,44898,98108
2024-01-31,320065,47478,36192,83670
2024-02-29,320065,54859,42770,97629
2024-03-31,320065,53581,44378,97959
2024-04-30,320065,53224,46145,99369
2024-05-31,320065,47438,44554,91992
2023-05-31,320066,55,32,87
2023-06-30,320066,106366,28965,135331
2023-07-31,320066,93511,27975,121486
2023-08-31,320066,89794,26245,116039
2023-09-30,320066,80222,25657,105879
2023-10-31,320066,95586,37450,133036
2023-11-30,320066,102508,33578,136086
2023-12-31,320066,101839,33113,134952
2024-01-31,320066,89767,36710,126477
2024-02-29,320066,104672,35798,140470
2024-03-31,320066,98387,35341,133728
2024-04-30,320066,105685,35247,140932
2024-05-31,320066,101491,38635,140126
2023-05-31,320068,0,3,3
2023-06-30,320068,84056,120508,204564
2023-07-31,320068,70399,120792,191191
2023-08-31,320068,69668,126754,196422
2023-09-30,320068,63074,117737,180811
2023-10-31,320068,72646,134811,207457
2023-11-30,320068,75740,118665,194405
2023-12-31,320068,84230,129690,213920
2024-01-31,320068,75748,119076,194824
2024-02-29,320068,81251,132866,214117
2024-03-31,320068,83381,138977,222358
2024-04-30,320068,84169,130521,214690
2024-05-31,320068,82093,143047,225140
2023-05-31,320071,0,5,5
2023-06-30,320071,129621,202556,332177
2023-07-31,320071,110805,172620,283425
2023-08-31,320071,109139,164271,273410
2023-09-30,320071,99101,165984,265085
2023-10-31,320071,118455,187056,305511
2023-11-30,320071,137407,158661,296068
2023-12-31,320071,142338,184559,326897
2024-01-31,320071,109021,164140,273161
2024-02-29,320071,126782,194800,321582
2024-03-31,320071,124390,209424,333814
2024-04-30,320071,128296,191402,319698
2024-05-31,320071,122703,191662,314365
2023-05-31,320067,0,8,8
2023-06-30,320067,99081,125167,224248
2023-07-31,320067,88939,124917,213856
2023-08-31,320067,90460,130948,221408
2023-09-30,320067,83359,121771,205130
2023-10-31,320067,98418,139624,238042
2023-11-30,320067,98093,122166,220259
2023-12-31,320067,106195,134553,240748
2024-01-31,320067,94256,124220,218476
2024-02-29,320067,100551,137641,238192
2024-03-31,320067,102254,145067,247321
2024-04-30,320067,102132,136124,238256
2024-05-31,320067,98380,147547,245927
2023-05-31,320070,2686,1120,3806
2023-06-30,320070,207775,89738,297513
2023-07-31,320070,188612,84696,273308
2023-08-31,320070,180745,82644,263389
2023-09-30,320070,159124,68993,228117
2023-10-31,320070,186135,74839,260974
2023-11-30,320070,208491,75051,283542
2023-12-31,320070,214793,88129,302922
2024-01-31,320070,176327,71461,247788
2024-02-29,320070,209557,73359,282916
2024-03-31,320070,210606,74126,284732
2024-04-30,320070,209818,68616,278434
2024-05-31,320070,200936,74119,275055
2023-05-31,312058,22,14,36
2023-06-30,312058,9371,8982,18353
2023-07-31,312058,8273,5993,14266
2023-08-31,312058,8148,4039,12187
2023-09-30,312058,7079,4842,11921
2023-10-31,312058,7956,8676,16632
2023-11-30,312058,8918,7171,16089
2023-12-31,312058,9109,9128,18237
2024-01-31,312058,8088,9475,17563
2024-02-29,312058,15244,12372,27616
2024-03-31,312058,9242,9772,19014
2024-04-30,312058,9157,10278,19435
2024-05-31,312058,8899,10647,19546
2023-05-31,320108,1197,200,1397
2023-06-30,320108,207023,22040,229063
2023-07-31,320108,137399,17533,154932
2023-08-31,320108,138299,17463,155762
2023-09-30,320108,138358,19363,157721
2023-10-31,320108,157097,21069,178166
2023-11-30,320108,185587,18620,204207
2023-12-31,320108,176105,19121,195226
2024-01-31,320108,158332,19530,177862
2024-02-29,320108,176955,26293,203248
2024-03-31,320108,178139,20081,198220
2024-04-30,320108,190027,21367,211394
2024-05-31,320108,202020,22378,224398
2023-06-30,314034,22502,7337,29839
2023-07-31,314034,20499,7462,27961
2023-08-31,314034,21222,7360,28582
2023-09-30,314034,18842,7338,26180
2023-10-31,314034,22343,7740,30083
2023-11-30,314034,22307,8551,30858
2023-12-31,314034,6497,2437,8934
2024-01-31,314034,0,0,0
2024-02-29,314034,6647,2523,9170
2024-03-31,314034,26546,11034,37580
2024-04-30,314034,21797,9118,30915
2024-05-31,314034,21835,9395,31230
2023-06-30,314040,56482,10639,67121
2023-07-31,314040,45680,9648,55328
2023-08-31,314040,44540,9035,53575
2023-09-30,314040,48096,10380,58476
2023-10-31,314040,56844,38617,95461
2023-11-30,314040,60848,26654,87502
2023-12-31,314040,59583,15232,74815
2024-01-31,314040,53571,12122,65693
2024-02-29,314040,55917,11930,67847
2024-03-31,314040,65070,15343,80413
2024-04-30,314040,53844,15510,69354
2024-05-31,314040,52738,15246,67984
2023-05-31,314039,47,22,69
2023-06-30,314039,23066,2536,25602
2023-07-31,314039,19438,1916,21354
2023-08-31,314039,16405,1997,18402
2023-09-30,314039,17400,2896,20296
2023-10-31,314039,18816,5107,23923
2023-11-30,314039,19587,4183,23770
2023-12-31,314039,17907,2928,20835
2024-01-31,314039,17831,1988,19819
2024-02-29,314039,15309,1572,16881
2024-03-31,314039,18614,2157,20771
2024-04-30,314039,17365,2407,19772
2024-05-31,314039,17007,2532,19539
2023-06-30,314037,56025,5467,61492
2023-07-31,314037,50918,4889,55807
2023-08-31,314037,49447,4278,53725
2023-09-30,314037,50100,5477,55577
2023-10-31,314037,56510,8336,64846
2023-11-30,314037,61998,7946,69944
2023-12-31,314037,60381,6974,67355
2024-01-31,314037,55334,6257,61591
2024-02-29,314037,48539,5509,54048
2024-03-31,314037,57853,7230,65083
2024-04-30,314037,52101,6709,58810
2024-05-31,314037,53889,6087,59976
2023-05-31,320057,120,99,219
2023-06-30,320057,111790,54196,165986
2023-07-31,320057,114085,64085,178170
2023-08-31,320057,119992,60797,180789
2023-09-30,320057,103571,53134,156705
2023-10-31,320057,114541,65225,179766
2023-11-30,320057,132872,60821,193693
2023-12-31,320057,128527,62516,191043
2024-01-31,320057,114737,56694,171431
2024-02-29,320057,138977,59822,198799
2024-03-31,320057,144983,68764,213747
2024-04-30,320057,131529,62312,193841
2024-05-31,320057,127795,64320,192115
2023-05-31,320089,1,3,4
2023-06-30,320089,125730,26199,151929
2023-07-31,320089,110318,19437,129755
2023-08-31,320089,109436,26313,135749
2023-09-30,320089,92544,27423,119967
2023-10-31,320089,115956,29814,145770
2023-11-30,320089,134063,26156,160219
2023-12-31,320089,136274,33881,170155
2024-01-31,320089,113016,21816,134832
2024-02-29,320089,198255,33215,231470
2024-03-31,320089,216534,39407,255941
2024-04-30,320089,175299,34443,209742
2024-05-31,320089,186092,34521,220613
2023-05-31,313003,0,1,1
2023-06-30,313003,56884,44304,101188
2023-07-31,313003,48095,55646,103741
2023-08-31,313003,52111,98506,150617
2023-09-30,313003,46554,83895,130449
2023-10-31,313003,49833,105144,154977
2023-11-30,313003,57134,26588,83722
2023-12-31,313003,56859,62868,119727
2024-01-31,313003,49287,73300,122587
2024-02-29,313003,49787,92363,142150
2024-03-31,313003,55018,95876,150894
2024-04-30,313003,51749,86417,138166
2024-05-31,313003,48744,87338,136082
2023-05-31,314014,48,2,50
2023-06-30,314014,77355,24369,101724
2023-07-31,314014,68338,23063,91401
2023-08-31,314014,62646,19277,81923
2023-09-30,314014,64152,19415,83567
2023-10-31,314014,71644,27683,99327
2023-11-30,314014,72865,27298,100163
2023-12-31,314014,73730,25027,98757
2024-01-31,314014,68172,21025,89197
2024-02-29,314014,64582,20298,84880
2024-03-31,314014,87236,30945,118181
2024-04-30,314014,74040,27498,101538
2024-05-31,314014,71414,27674,99088
2023-05-31,312074,456,241,697
2023-06-30,312074,63866,28708,92574
2023-07-31,312074,51856,20348,72204
2023-08-31,312074,82046,39203,121249
2023-09-30,312074,88895,36902,125797
2023-10-31,312074,98219,50590,148809
2023-11-30,312074,113509,40584,154093
2023-12-31,312074,123783,48216,171999
2024-01-31,312074,107356,49773,157129
2024-02-29,312074,113586,54019,167605
2024-03-31,312074,120522,63770,184292
2024-04-30,312074,114204,57207,171411
2024-05-31,312074,115093,61479,176572
2023-05-31,320017,57,46,103
2023-06-30,320017,13900,7722,21622
2023-07-31,320017,11887,5704,17591
2023-08-31,320017,11821,5202,17023
2023-09-30,320017,10387,4261,14648
2023-10-31,320017,12431,5726,18157
2023-11-30,320017,14715,5411,20126
2023-12-31,320017,14063,5332,19395
2024-01-31,320017,10715,5052,15767
2024-02-29,320017,13613,5580,19193
2024-03-31,320017,14211,5411,19622
2024-04-30,320017,13154,5484,18638
2024-05-31,320017,12051,6136,18187
2023-05-31,320019,36,32,68
2023-06-30,320019,9110,3369,12479
2023-07-31,320019,7119,2000,9119
2023-08-31,320019,6800,1433,8233
2023-09-30,320019,6075,1301,7376
2023-10-31,320019,7282,1964,9246
2023-11-30,320019,9718,1326,11044
2023-12-31,320019,9662,1241,10903
2024-01-31,320019,7841,1538,9379
2024-02-29,320019,10237,1762,11999
2024-03-31,320019,10166,1681,11847
2024-04-30,320019,10626,1859,12485
2024-05-31,320019,9747,1961,11708
2023-05-31,320099,1,0,1
2023-06-30,320099,129153,49273,178426
2023-07-31,320099,106414,41508,147922
2023-08-31,320099,107827,48387,156214
2023-09-30,320099,96392,43457,139849
2023-10-31,320099,109138,53480,162618
2023-11-30,320099,127239,45738,172977
2023-12-31,320099,119902,52725,172627
2024-01-31,320099,98991,48131,147122
2024-02-29,320099,107964,49319,157283
2024-03-31,320099,107613,48550,156163
2024-04-30,320099,106717,42193,148910
2024-05-31,320099,111782,48903,160685
2023-05-31,320101,865,102,967
2023-06-30,320101,80633,9434,90067
2023-07-31,320101,71641,7973,79614
2023-08-31,320101,146938,14126,161064
2023-09-30,320101,154723,15929,170652
2023-10-31,320101,186968,17113,204081
2023-11-30,320101,184632,14591,199223
2023-12-31,320101,168665,17412,186077
2024-01-31,320101,120614,12725,133339
2024-02-29,320101,128457,13576,142033
2024-03-31,320101,141955,14772,156727
2024-04-30,320101,136145,13472,149617
2024-05-31,320101,134649,14314,148963
2023-05-31,320098,10,2,12
2023-06-30,320098,822434,91718,914152
2023-07-31,320098,337549,64640,402189
2023-08-31,320098,461512,90262,551774
2023-09-30,320098,467251,85232,552483
2023-10-31,320098,557992,98310,656302
2023-11-30,320098,524625,90697,615322
2023-12-31,320098,483047,104271,587318
2024-01-31,320098,410032,103295,513327
2024-02-29,320098,428126,105231,533357
2024-03-31,320098,569962,113349,683311
2024-04-30,320098,608949,94182,703131
2024-05-31,320098,777594,109475,887069
2023-05-31,320082,48,23,71
2023-06-30,320082,73614,9922,83536
2023-07-31,320082,71312,13234,84546
2023-08-31,320082,65908,21714,87622
2023-09-30,320082,51547,24556,76103
2023-10-31,320082,61161,23619,84780
2023-11-30,320082,65027,17744,82771
2023-12-31,320082,67315,17243,84558
2024-01-31,320082,56920,13883,70803
2024-02-29,320082,68347,13185,81532
2024-03-31,320082,66004,18438,84442
2024-04-30,320082,74968,19151,94119
2024-05-31,320082,65805,15004,80809
2023-05-31,314022,2,2,4
2023-06-30,314022,100437,28801,129238
2023-07-31,314022,87252,26810,114062
2023-08-31,314022,89668,28425,118093
2023-09-30,314022,79904,25223,105127
2023-10-31,314022,88588,33642,122230
2023-11-30,314022,91076,29814,120890
2023-12-31,314022,100752,30538,131290
2024-01-31,314022,93787,25930,119717
2024-02-29,314022,83846,22734,106580
2024-03-31,314022,102531,30981,133512
2024-04-30,314022,68631,26395,95026
2024-05-31,314022,87155,32737,119892
2023-05-31,314017,101,23,124
2023-06-30,314017,244471,42689,287160
2023-07-31,314017,210544,38752,249296
2023-08-31,314017,228063,39031,267094
2023-09-30,314017,208418,37621,246039
2023-10-31,314017,241961,47419,289380
2023-11-30,314017,261214,43140,304354
2023-12-31,314017,260719,47090,307809
2024-01-31,314017,233952,38884,272836
2024-02-29,314017,197521,33880,231401
2024-03-31,314017,248032,43433,291465
2024-04-30,314017,222110,40453,262563
2024-05-31,314017,215036,40842,255878
2023-05-31,314020,3051,421,3472
2023-06-30,314020,527920,54056,581976
2023-07-31,314020,462208,50078,512286
2023-08-31,314020,534291,51441,585732
2023-09-30,314020,479381,49010,528391
2023-10-31,314020,537875,58368,596243
2023-11-30,314020,568702,55615,624317
2023-12-31,314020,556207,58599,614806
2024-01-31,314020,525008,51079,576087
2024-02-29,314020,384881,42877,427758
2024-03-31,314020,474007,57391,531398
2024-04-30,314020,439720,54128,493848
2024-05-31,314020,421016,58793,479809
2023-05-31,314021,41,10,51
2023-06-30,314021,524937,60370,585307
2023-07-31,314021,482373,54449,536822
2023-08-31,314021,506488,58920,565408
2023-09-30,314021,473803,52404,526207
2023-10-31,314021,520715,58415,579130
2023-11-30,314021,523756,51087,574843
2023-12-31,314021,523547,57513,581060
2024-01-31,314021,483403,52430,535833
2024-02-29,314021,455201,98161,553362
2024-03-31,314021,529097,160362,689459
2024-04-30,314021,494204,147844,642048
2024-05-31,314021,477975,157683,635658
2023-05-31,314018,3,0,3
2023-06-30,314018,107847,36219,144066
2023-07-31,314018,94627,35704,130331
2023-08-31,314018,85418,34669,120087
2023-09-30,314018,93597,37091,130688
2023-10-31,314018,106148,52554,158702
2023-11-30,314018,111659,46169,157828
2023-12-31,314018,114009,43666,157675
2024-01-31,314018,99331,35757,135088
2024-02-29,314018,33628,10526,44154
2024-03-31,314018,80140,28208,108348
2024-04-30,314018,104817,43397,148214
2024-05-31,314018,90064,39982,130046
2023-05-31,320015,20,9,29
2023-06-30,320015,6119,1009,7128
2023-07-31,320015,5145,1078,6223
2023-08-31,320015,5332,1036,6368
2023-09-30,320015,4362,952,5314
2023-10-31,320015,5165,1553,6718
2023-11-30,320015,7083,1282,8365
2023-12-31,320015,6511,1442,7953
2024-01-31,320015,5524,1367,6891
2024-02-29,320015,6540,1313,7853
2024-03-31,320015,6980,1517,8497
2024-04-30,320015,6321,1366,7687
2024-05-31,320015,5200,1344,6544
2023-05-31,318009,2,7,9
2023-06-30,318009,95275,43342,138617
2023-07-31,318009,84269,33810,118079
2023-08-31,318009,70924,47668,118592
2023-09-30,318009,65067,47578,112645
2023-10-31,318009,88816,59303,148119
2023-11-30,318009,97980,50294,148274
2023-12-31,318009,112122,43006,155128
2024-01-31,318009,100752,35177,135929
2024-02-29,318009,87708,29545,117253
2024-03-31,318009,90966,42500,133466
2024-04-30,318009,90899,38901,129800
2024-05-31,318009,102259,48993,151252
2023-05-31,314035,0,1,1
2023-06-30,314035,63821,15982,79803
2023-07-31,314035,55372,13596,68968
2023-08-31,314035,59088,14082,73170
2023-09-30,314035,52662,14613,67275
2023-10-31,314035,60409,20839,81248
2023-11-30,314035,62892,18599,81491
2023-12-31,314035,63118,18633,81751
2024-01-31,314035,59402,15736,75138
2024-02-29,314035,62042,17194,79236
2024-03-31,314035,67700,17961,85661
2024-04-30,314035,62758,16946,79704
2024-05-31,314035,61510,16833,78343
2023-05-31,314038,23,4,27
2023-06-30,314038,132088,21880,153968
2023-07-31,314038,117071,20513,137584
2023-08-31,314038,123417,20304,143721
2023-09-30,314038,75560,12696,88256
2023-10-31,314038,120058,22835,142893
2023-11-30,314038,127801,24561,152362
2023-12-31,314038,137244,28816,166060
2024-01-31,314038,127296,27035,154331
2024-02-29,314038,110513,28542,139055
2024-03-31,314038,98171,25168,123339
2024-04-30,314038,121223,27196,148419
2024-05-31,314038,121027,25812,146839
2023-06-30,314036,33367,2929,36296
2023-07-31,314036,32116,2682,34798
2023-08-31,314036,33944,2889,36833
2023-09-30,314036,30422,2985,33407
2023-10-31,314036,34387,4448,38835
2023-11-30,314036,40433,6503,46936
2023-12-31,314036,43725,12878,56603
2024-01-31,314036,38839,13309,52148
2024-02-29,314036,34598,10159,44757
2024-03-31,314036,36474,5735,42209
2024-04-30,314036,29317,3648,32965
2024-05-31,314036,29007,4811,33818
2023-05-31,320069,15,6,21
2023-06-30,320069,341353,40503,381856
2023-07-31,320069,311325,35079,346404
2023-08-31,320069,302540,35446,337986
2023-09-30,320069,272038,32328,304366
2023-10-31,320069,317236,43955,361191
2023-11-30,320069,345958,41104,387062
2023-12-31,320069,359487,47076,406563
2024-01-31,320069,306803,40584,347387
2024-02-29,320069,347252,42660,389912
2024-03-31,320069,340413,38474,378887
2024-04-30,320069,335736,37691,373427
2024-05-31,320069,316746,39063,355809
2023-05-31,312032,3,1,4
2023-06-30,312032,339260,27116,366376
2023-07-31,312032,305894,19910,325804
2023-08-31,312032,311809,22517,334326
2023-09-30,312032,295214,24422,319636
2023-10-31,312032,320297,25784,346081
2023-11-30,312032,324181,20301,344482
2023-12-31,312032,326329,21329,347658
2024-01-31,312032,290509,20152,310661
2024-02-29,312032,509339,67469,576808
2024-03-31,312032,436496,48501,484997
2024-04-30,312032,374362,29562,403924
2024-05-31,312032,363504,32099,395603
2023-05-31,312038,592,157,749
2023-06-30,312038,108902,33089,141991
2023-07-31,312038,101912,35401,137313
2023-08-31,312038,101473,35096,136569
2023-09-30,312038,98974,34637,133611
2023-10-31,312038,102402,41652,144054
2023-11-30,312038,108180,37248,145428
2023-12-31,312038,105561,40525,146086
2024-01-31,312038,95183,37758,132941
2024-02-29,312038,104470,37544,142014
2024-03-31,312038,107748,40158,147906
2024-04-30,312038,99992,39209,139201
2024-05-31,312038,100084,39715,139799
2023-05-31,312035,1,2,3
2023-06-30,312035,104083,77818,181901
2023-07-31,312035,89295,75395,164690
2023-08-31,312035,95798,82877,178675
2023-09-30,312035,96534,76014,172548
2023-10-31,312035,97329,92217,189546
2023-11-30,312035,114079,82776,196855
2023-12-31,312035,124405,94077,218482
2024-01-31,312035,109936,91210,201146
2024-02-29,312035,110255,92407,202662
2024-03-31,312035,123136,101101,224237
2024-04-30,312035,113641,98660,212301
2024-05-31,312035,113045,96918,209963
2023-05-31,312039,358,66,424
2023-06-30,312039,78796,11053,89849
2023-07-31,312039,72390,11182,83572
2023-08-31,312039,70550,11593,82143
2023-09-30,312039,69073,11141,80214
2023-10-31,312039,74486,12842,87328
2023-11-30,312039,80990,10575,91565
2023-12-31,312039,80533,11857,92390
2024-01-31,312039,75208,10686,85894
2024-02-29,312039,92738,11445,104183
2024-03-31,312039,93379,12319,105698
2024-04-30,312039,90051,11976,102027
2024-05-31,312039,87818,12513,100331
2023-05-31,312037,281,147,428
2023-06-30,312037,59788,38271,98059
2023-07-31,312037,57347,35528,92875
2023-08-31,312037,53574,40255,93829
2023-09-30,312037,50600,37145,87745
2023-10-31,312037,55560,44512,100072
2023-11-30,312037,55774,33913,89687
2023-12-31,312037,58048,43189,101237
2024-01-31,312037,55404,39892,95296
2024-02-29,312037,61725,43085,104810
2024-03-31,312037,62704,44769,107473
2024-04-30,312037,57195,42178,99373
2024-05-31,312037,56834,44276,101110
2023-05-31,312036,816,491,1307
2023-06-30,312036,221775,118112,339887
2023-07-31,312036,197952,115074,313026
2023-08-31,312036,200111,122953,323064
2023-09-30,312036,200596,115902,316498
2023-10-31,312036,211917,138032,349949
2023-11-30,312036,228077,121753,349830
2023-12-31,312036,228285,135189,363474
2024-01-31,312036,202818,120696,323514
2024-02-29,312036,217348,123211,340559
2024-03-31,312036,233578,129445,363023
2024-04-30,312036,214785,124109,338894
2024-05-31,312036,216419,131479,347898
2023-05-31,189001,61,15,76
2023-06-30,189001,147406,203869,351275
2023-07-31,189001,121942,205165,327107
2023-08-31,189001,115081,189985,305066
2023-09-30,189001,102997,183539,286536
2023-10-31,189001,119847,215833,335680
2023-11-30,189001,145825,181933,327758
2023-12-31,189001,150043,205178,355221
2024-01-31,189001,116110,179949,296059
2024-02-29,189001,133955,211573,345528
2024-03-31,189001,133607,238880,372487
2024-04-30,189001,139550,220683,360233
2024-05-31,189001,129440,219419,348859
2023-05-31,187001,886,721,1607
2023-06-30,187001,481373,274876,756249
2023-07-31,187001,428910,208442,637352
2023-08-31,187001,424399,210579,634978
2023-09-30,187001,369544,187634,557178
2023-10-31,187001,442188,125142,567330
2023-11-30,187001,496477,124904,621381
2023-12-31,187001,503262,153410,656672
2024-01-31,187001,425384,126527,551911
2024-02-29,187001,494336,168860,663196
2024-03-31,187001,480678,172443,653121
2024-04-30,187001,469277,146611,615888
2024-05-31,187001,447183,155047,602230
2023-05-31,190001,57,13,70
2023-06-30,190001,153001,198513,351514
2023-07-31,190001,127534,195828,323362
2023-08-31,190001,123595,186471,310066
2023-09-30,190001,109314,180354,289668
2023-10-31,190001,127342,210949,338291
2023-11-30,190001,155842,176993,332835
2023-12-31,190001,159747,202353,362100
2024-01-31,190001,127812,177651,305463
2024-02-29,190001,146872,208587,355459
2024-03-31,190001,143774,233303,377077
2024-04-30,190001,148835,213339,362174
2024-05-31,190001,140741,213086,353827
2023-05-31,186001,35,46,81
2023-06-30,186001,164375,158449,322824
2023-07-31,186001,119642,138698,258340
2023-08-31,186001,118926,133625,252551
2023-09-30,186001,107471,136529,244000
2023-10-31,186001,128385,169012,297397
2023-11-30,186001,169420,156499,325919
2023-12-31,186001,157524,173274,330798
2024-01-31,186001,105646,98901,204547
2024-02-29,186001,152624,149892,302516
2024-03-31,186001,161284,153871,315155
2024-04-30,186001,155011,139310,294321
2024-05-31,186001,150456,159155,309611
2023-05-31,187002,1137,561,1698
2023-06-30,187002,412420,129885,542305
2023-07-31,187002,345541,113110,458651
2023-08-31,187002,341564,109505,451069
2023-09-30,187002,311652,114838,426490
2023-10-31,187002,363234,134794,498028
2023-11-30,187002,433387,130773,564160
2023-12-31,187002,427004,151448,578452
2024-01-31,187002,327505,76600,404105
2024-02-29,187002,442682,126906,569588
2024-03-31,187002,474027,133788,607815
2024-04-30,187002,434308,114176,548484
2024-05-31,187002,426987,137077,564064
2023-05-31,320087,3,14,17
2023-06-30,320087,89685,23118,112803
2023-07-31,320087,69363,21368,90731
2023-08-31,320087,70526,26642,97168
2023-09-30,320087,65228,35475,100703
2023-10-31,320087,79938,41662,121600
2023-11-30,320087,90184,40169,130353
2023-12-31,320087,75007,35581,110588
2024-01-31,320087,77799,35813,113612
2024-02-29,320087,110594,36409,147003
2024-03-31,320087,99600,49385,148985
2024-04-30,320087,102718,53866,156584
2024-05-31,320087,101507,50779,152286
2023-05-31,176001,12,2,14
2023-06-30,176001,390470,64000,454470
2023-07-31,176001,384769,64887,449656
2023-08-31,176001,401780,62535,464315
2023-09-30,176001,360012,59427,419439
2023-10-31,176001,389218,70531,459749
2023-11-30,176001,374678,49091,423769
2023-12-31,176001,405583,60574,466157
2024-01-31,176001,431453,58119,489572
2024-02-29,176001,397038,69033,466071
2024-03-31,176001,407282,73019,480301
2024-04-30,176001,401072,59166,460238
2024-05-31,176001,471723,58734,530457
2023-05-31,167002,3,0,3
2023-06-30,167002,509081,137037,646118
2023-07-31,167002,515363,143150,658513
2023-08-31,167002,529205,143276,672481
2023-09-30,167002,472187,124439,596626
2023-10-31,167002,531205,130097,661302
2023-11-30,167002,508617,120251,628868
2023-12-31,167002,542729,127819,670548
2024-01-31,167002,552397,119346,671743
2024-02-29,167002,498030,131172,629202
2024-03-31,167002,494792,138551,633343
2024-04-30,167002,506655,121749,628404
2024-05-31,167002,570416,132339,702755
2023-05-31,167001,1,0,1
2023-06-30,167001,357891,118856,476747
2023-07-31,167001,359081,122245,481326
2023-08-31,167001,368514,121617,490131
2023-09-30,167001,330065,109392,439457
2023-10-31,167001,369812,117181,486993
2023-11-30,167001,351562,105566,457128
2023-12-31,167001,383422,112793,496215
2024-01-31,167001,391304,107547,498851
2024-02-29,167001,341645,116436,458081
2024-03-31,167001,338256,122507,460763
2024-04-30,167001,344641,106169,450810
2024-05-31,167001,394909,116647,511556
2023-05-31,164002,44,10,54
2023-06-30,164002,508736,120590,629326
2023-07-31,164002,479119,124311,603430
2023-08-31,164002,495067,126721,621788
2023-09-30,164002,457559,115625,573184
2023-10-31,164002,491393,140208,631601
2023-11-30,164002,558614,119124,677738
2023-12-31,164002,577401,137495,714896
2024-01-31,164002,534373,132657,667030
2024-02-29,164002,565994,142784,708778
2024-03-31,164002,582417,146900,729317
2024-04-30,164002,551165,131412,682577
2024-05-31,164002,541987,137222,679209
2023-05-31,170001,3,1,4
2023-06-30,170001,238934,73640,312574
2023-07-31,170001,235737,75488,311225
2023-08-31,170001,257949,74248,332197
2023-09-30,170001,224312,66394,290706
2023-10-31,170001,263355,74142,337497
2023-11-30,170001,248684,66955,315639
2023-12-31,170001,297163,76824,373987
2024-01-31,170001,288280,74430,362710
2024-02-29,170001,232652,74731,307383
2024-03-31,170001,242032,79643,321675
2024-04-30,170001,251662,69760,321422
2024-05-31,170001,294331,75862,370193
2023-05-31,151001,8,3,11
2023-06-30,151001,66712,118876,185588
2023-07-31,151001,61425,121795,183220
2023-08-31,151001,64101,120684,184785
2023-09-30,151001,58975,104130,163105
2023-10-31,151001,73089,122518,195607
2023-11-30,151001,71125,113926,185051
2023-12-31,151001,87177,128474,215651
2024-01-31,151001,82554,121862,204416
2024-02-29,151001,75309,131429,206738
2024-03-31,151001,81784,142500,224284
2024-04-30,151001,72718,128717,201435
2024-05-31,151001,75690,132256,207946
2023-05-31,148001,17,3,20
2023-06-30,148001,439071,213266,652337
2023-07-31,148001,403848,204829,608677
2023-08-31,148001,381306,207512,588818
2023-09-30,148001,345517,188967,534484
2023-10-31,148001,427036,225954,652990
2023-11-30,148001,400712,241841,642553
2023-12-31,148001,474211,257528,731739
2024-01-31,148001,442167,248539,690706
2024-02-29,148001,425945,257577,683522
2024-03-31,148001,461758,255197,716955
2024-04-30,148001,406236,233558,639794
2024-05-31,148001,413959,263049,677008
2023-05-31,142002,15,14,29
2023-06-30,142002,391841,184857,576698
2023-07-31,142002,210413,105464,315877
2023-08-31,142002,315683,155545,471228
2023-09-30,142002,304474,161950,466424
2023-10-31,142002,346732,189562,536294
2023-11-30,142002,412602,170117,582719
2023-12-31,142002,430266,195028,625294
2024-01-31,142002,392741,182922,575663
2024-02-29,142002,381856,201094,582950
2024-03-31,142002,408866,221050,629916
2024-04-30,142002,394792,197281,592073
2024-05-31,142002,439246,212387,651633
2023-05-31,154001,255,115,370
2023-06-30,154001,1262370,220952,1483322
2023-07-31,154001,1014448,252213,1266661
2023-08-31,154001,1077134,252653,1329787
2023-09-30,154001,1013435,252616,1266051
2023-10-31,154001,1177643,316563,1494206
2023-11-30,154001,1256820,288330,1545150
2023-12-31,154001,1320755,270224,1590979
2024-01-31,154001,1168716,222486,1391202
2024-02-29,154001,957019,205383,1162402
2024-03-31,154001,1140271,234488,1374759
2024-04-30,154001,1128034,222558,1350592
2024-05-31,154001,1144552,233789,1378341
2023-05-31,142001,3,3,6
2023-06-30,142001,379447,169438,548885
2023-07-31,142001,330103,157101,487204
2023-08-31,142001,352901,163796,516697
2023-09-30,142001,298035,144405,442440
2023-10-31,142001,324352,168482,492834
2023-11-30,142001,412326,154168,566494
2023-12-31,142001,441743,180000,621743
2024-01-31,142001,399003,166810,565813
2024-02-29,142001,394901,183464,578365
2024-03-31,142001,341662,155356,497018
2024-04-30,142001,324049,126911,450960
2024-05-31,142001,363228,135641,498869
2023-05-31,140002,77,33,110
2023-06-30,140002,247814,202324,450138
2023-07-31,140002,223213,204038,427251
2023-08-31,140002,242321,232093,474414
2023-09-30,140002,201401,225141,426542
2023-10-31,140002,216467,257247,473714
2023-11-30,140002,286571,215489,502060
2023-12-31,140002,275676,217248,492924
2024-01-31,140002,246111,210736,456847
2024-02-29,140002,244454,236545,480999
2024-03-31,140002,244405,261742,506147
2024-04-30,140002,258837,234704,493541
2024-05-31,140002,275751,247543,523294
2023-05-31,104002,50,30,80
2023-06-30,104002,157242,45192,202434
2023-07-31,104002,155869,44148,200017
2023-08-31,104002,155013,44731,199744
2023-09-30,104002,143496,40047,183543
2023-10-31,104002,162082,52536,214618
2023-11-30,104002,166128,50377,216505
2023-12-31,104002,163018,49240,212258
2024-01-31,104002,152092,46221,198313
2024-02-29,104002,162185,49435,211620
2024-03-31,104002,178151,50028,228179
2024-04-30,104002,182918,45798,228716
2024-05-31,104002,189022,48897,237919
2023-05-31,115002,34,23,57
2023-06-30,115002,658522,265685,924207
2023-07-31,115002,641013,272375,913388
2023-08-31,115002,678349,284234,962583
2023-09-30,115002,649111,250718,899829
2023-10-31,115002,731638,276294,1007932
2023-11-30,115002,717495,255670,973165
2023-12-31,115002,762502,292483,1054985
2024-01-31,115002,686130,274311,960441
2024-02-29,115002,683532,282464,965996
2024-03-31,115002,684144,302661,986805
2024-04-30,115002,708707,267862,976569
2024-05-31,115002,781061,289437,1070498
2023-05-31,103002,2,1,3
2023-06-30,103002,226665,59569,286234
2023-07-31,103002,206531,59383,265914
2023-08-31,103002,222949,60004,282953
2023-09-30,103002,217633,61084,278717
2023-10-31,103002,247848,79743,327591
2023-11-30,103002,265766,72527,338293
2023-12-31,103002,266200,78706,344906
2024-01-31,103002,240771,70220,310991
2024-02-29,103002,260036,75791,335827
2024-03-31,103002,266592,77581,344173
2024-04-30,103002,250689,73021,323710
2024-05-31,103002,236135,74167,310302
2023-05-31,320072,6,3,9
2023-06-30,320072,28558,13148,41706
2023-07-31,320072,22928,9742,32670
2023-08-31,320072,22323,9741,32064
2023-09-30,320072,19429,9563,28992
2023-10-31,320072,21349,12901,34250
2023-11-30,320072,28502,13400,41902
2023-12-31,320072,26944,8871,35815
2024-01-31,320072,23030,12730,35760
2024-02-29,320072,25290,8994,34284
2024-03-31,320072,22259,10994,33253
2024-04-30,320072,22470,12476,34946
2024-05-31,320072,20518,9416,29934
2023-05-31,204001,30,25,55
2023-06-30,204001,660394,306423,966817
2023-07-31,204001,652308,260623,912931
2023-08-31,204001,677299,288193,965492
2023-09-30,204001,598204,248330,846534
2023-10-31,204001,652340,248691,901031
2023-11-30,204001,669765,287447,957212
2023-12-31,204001,727204,356033,1083237
2024-01-31,204001,693855,315608,1009463
2024-02-29,204001,666678,333701,1000379
2024-03-31,204001,724081,359454,1083535
2024-04-30,204001,666973,312894,979867
2024-05-31,204001,675355,330965,1006320
2023-05-31,208001,4,2,6
2023-06-30,208001,233029,176593,409622
2023-07-31,208001,235044,183509,418553
2023-08-31,208001,228519,179889,408408
2023-09-30,208001,193513,157835,351348
2023-10-31,208001,226381,169871,396252
2023-11-30,208001,209292,191116,400408
2023-12-31,208001,235373,195282,430655
2024-01-31,208001,221251,188926,410177
2024-02-29,208001,203791,197254,401045
2024-03-31,208001,243965,201619,445584
2024-04-30,208001,232760,179402,412162
2024-05-31,208001,233345,186160,419505
2023-05-31,205001,1,0,1
2023-06-30,205001,759452,383218,1142670
2023-07-31,205001,745151,380763,1125914
2023-08-31,205001,762808,396194,1159002
2023-09-30,205001,671977,361025,1033002
2023-10-31,205001,758337,386777,1145114
2023-11-30,205001,746711,405096,1151807
2023-12-31,205001,821126,429309,1250435
2024-01-31,205001,784533,413011,1197544
2024-02-29,205001,738324,423627,1161951
2024-03-31,205001,815753,450895,1266648
2024-04-30,205001,773020,404893,1177913
2024-05-31,205001,768588,422678,1191266
2023-05-31,205002,1,2,3
2023-06-30,205002,247984,309289,557273
2023-07-31,205002,240627,252747,493374
2023-08-31,205002,241404,264622,506026
2023-09-30,205002,217609,236448,454057
2023-10-31,205002,262034,254027,516061
2023-11-30,205002,257505,300797,558302
2023-12-31,205002,286558,333152,619710
2024-01-31,205002,271240,312658,583898
2024-02-29,205002,254176,312438,566614
2024-03-31,205002,284887,333514,618401
2024-04-30,205002,261754,303335,565089
2024-05-31,205002,254999,302351,557350
2023-05-31,220003,6,10,16
2023-06-30,220003,147796,208672,356468
2023-07-31,220003,147150,227854,375004
2023-08-31,220003,144516,235938,380454
2023-09-30,220003,140334,207558,347892
2023-10-31,220003,146150,249305,395455
2023-11-30,220003,189706,208959,398665
2023-12-31,220003,164845,252478,417323
2024-01-31,220003,152361,235826,388187
2024-02-29,220003,161499,248066,409565
2024-03-31,220003,149090,251858,400948
2024-04-30,220003,162418,228101,390519
2024-05-31,220003,166309,239087,405396
2023-05-31,220004,1,3,4
2023-06-30,220004,157534,205440,362974
2023-07-31,220004,151240,224031,375271
2023-08-31,220004,149751,232526,382277
2023-09-30,220004,145838,204676,350514
2023-10-31,220004,154755,244359,399114
2023-11-30,220004,205244,206682,411926
2023-12-31,220004,178105,249494,427599
2024-01-31,220004,160409,234621,395030
2024-02-29,220004,174988,245949,420937
2024-03-31,220004,162559,250993,413552
2024-04-30,220004,178549,227193,405742
2024-05-31,220004,185707,236635,422342
2023-05-31,234002,265,133,398
2023-06-30,234002,161119,71555,232674
2023-07-31,234002,150312,67391,217703
2023-08-31,234002,157495,67631,225126
2023-09-30,234002,134219,59319,193538
2023-10-31,234002,147159,68792,215951
2023-11-30,234002,141702,63503,205205
2023-12-31,234002,163696,65561,229257
2024-01-31,234002,165358,63236,228594
2024-02-29,234002,144491,69741,214232
2024-03-31,234002,151871,73513,225384
2024-04-30,234002,148338,63342,211680
2024-05-31,234002,173614,65801,239415
2023-05-31,230001,428,81,509
2023-06-30,230001,784802,109167,893969
2023-07-31,230001,802240,115253,917493
2023-08-31,230001,848713,120233,968946
2023-09-30,230001,762018,103984,866002
2023-10-31,230001,845758,112244,958002
2023-11-30,230001,824623,106451,931074
2023-12-31,230001,865781,119492,985273
2024-01-31,230001,826267,112642,938909
2024-02-29,230001,806467,117718,924185
2024-03-31,230001,809302,126683,935985
2024-04-30,230001,791865,111320,903185
2024-05-31,230001,882926,115581,998507
2023-05-31,220002,0,1,1
2023-06-30,220002,137986,159076,297062
2023-07-31,220002,130384,176613,306997
2023-08-31,220002,129921,186540,316461
2023-09-30,220002,124110,161204,285314
2023-10-31,220002,131902,196851,328753
2023-11-30,220002,157374,163936,321310
2023-12-31,220002,150429,199063,349492
2024-01-31,220002,140148,184832,324980
2024-02-29,220002,153446,195897,349343
2024-03-31,220002,141170,198613,339783
2024-04-30,220002,161232,179527,340759
2024-05-31,220002,162519,192454,354973
2023-05-31,220001,2,2,4
2023-06-30,220001,109473,155492,264965
2023-07-31,220001,100844,172608,273452
2023-08-31,220001,100599,181614,282213
2023-09-30,220001,97009,156449,253458
2023-10-31,220001,101689,190606,292295
2023-11-30,220001,123416,158558,281974
2023-12-31,220001,115924,187777,303701
2024-01-31,220001,108764,177361,286125
2024-02-29,220001,117092,187416,304508
2024-03-31,220001,109638,189442,299080
2024-04-30,220001,121363,170158,291521
2024-05-31,220001,123512,181415,304927
2023-05-31,312040,353,244,597
2023-06-30,312040,65991,46243,112234
2023-07-31,312040,64080,45601,109681
2023-08-31,312040,66055,46302,112357
2023-09-30,312040,66471,46028,112499
2023-10-31,312040,73111,61118,134229
2023-11-30,312040,75512,49060,124572
2023-12-31,312040,76387,54007,130394
2024-01-31,312040,71630,46455,118085
2024-02-29,312040,74304,52061,126365
2024-03-31,312040,76588,52944,129532
2024-04-30,312040,67939,48464,116403
2024-05-31,312040,65348,49942,115290
2023-06-30,127001,58414,109173,167587
2023-07-31,127001,43382,112016,155398
2023-08-31,127001,43537,117442,160979
2023-09-30,127001,39560,110315,149875
2023-10-31,127001,42199,123516,165715
2023-11-30,127001,45856,106265,152121
2023-12-31,127001,53304,117177,170481
2024-01-31,127001,47309,109006,156315
2024-02-29,127001,50400,119885,170285
2024-03-31,127001,52074,125288,177362
2024-04-30,127001,54313,117216,171529
2024-05-31,127001,52516,128965,181481
2023-05-31,127003,0,9,9
2023-06-30,127003,61586,132081,193667
2023-07-31,127003,50372,130351,180723
2023-08-31,127003,50128,134699,184827
2023-09-30,127003,44267,125770,170037
2023-10-31,127003,50614,144419,195033
2023-11-30,127003,52428,124890,177318
2023-12-31,127003,57207,138328,195535
2024-01-31,127003,57143,130376,187519
2024-02-29,127003,57583,147498,205081
2024-03-31,127003,57781,155051,212832
2024-04-30,127003,61745,139913,201658
2024-05-31,127003,67365,152543,219908
2023-05-31,127002,1,0,1
2023-06-30,127002,69652,125519,195171
2023-07-31,127002,58509,127675,186184
2023-08-31,127002,56677,132725,189402
2023-09-30,127002,52177,123233,175410
2023-10-31,127002,60959,140180,201139
2023-11-30,127002,58512,121492,180004
2023-12-31,127002,65452,133429,198881
2024-01-31,127002,62701,125097,187798
2024-02-29,127002,64474,142072,206546
2024-03-31,127002,65209,151296,216505
2024-04-30,127002,66024,135778,201802
2024-05-31,127002,65645,144304,209949
2023-05-31,124001,20,1,21
2023-06-30,124001,606985,74374,681359
2023-07-31,124001,625267,71198,696465
2023-08-31,124001,683881,83631,767512
2023-09-30,124001,574235,68295,642530
2023-10-31,124001,599786,75498,675284
2023-11-30,124001,585406,76048,661454
2023-12-31,124001,660487,76070,736557
2024-01-31,124001,619271,75660,694931
2024-02-29,124001,556814,74762,631576
2024-03-31,124001,568344,79458,647802
2024-04-30,124001,603768,75029,678797
2024-05-31,124001,595847,73644,669491
2023-05-31,312028,237,71,308
2023-06-30,312028,67751,14516,82267
2023-07-31,312028,64890,15081,79971
2023-08-31,312028,65824,15381,81205
2023-09-30,312028,57625,15579,73204
2023-10-31,312028,64209,24789,88998
2023-11-30,312028,69964,29575,99539
2023-12-31,312028,66832,20895,87727
2024-01-31,312028,61850,17521,79371
2024-02-29,312028,67260,21962,89222
2024-03-31,312028,65976,20507,86483
2024-04-30,312028,60782,18091,78873
2024-05-31,312028,61478,17942,79420
2023-05-31,312031,4,8,12
2023-06-30,312031,140200,39739,179939
2023-07-31,312031,124509,38116,162625
2023-08-31,312031,140452,41551,182003
2023-09-30,312031,126141,42755,168896
2023-10-31,312031,147819,57099,204918
2023-11-30,312031,154693,55774,210467
2023-12-31,312031,166901,56975,223876
2024-01-31,312031,154897,45524,200421
2024-02-29,312031,100466,24694,125160
2024-03-31,312031,147528,36527,184055
2024-04-30,312031,173945,44284,218229
2024-05-31,312031,158871,43682,202553
2023-05-31,312030,43,6,49
2023-06-30,312030,128859,23273,152132
2023-07-31,312030,105956,22103,128059
2023-08-31,312030,120019,23690,143709
2023-09-30,312030,108952,20859,129811
2023-10-31,312030,118569,26016,144585
2023-11-30,312030,122199,21662,143861
2023-12-31,312030,123444,23386,146830
2024-01-31,312030,111209,22607,133816
2024-02-29,312030,99073,19675,118748
2024-03-31,312030,116674,23850,140524
2024-04-30,312030,112695,22157,134852
2024-05-31,312030,109863,22029,131892
2023-05-31,312029,6,2,8
2023-06-30,312029,281098,55968,337066
2023-07-31,312029,214693,55465,270158
2023-08-31,312029,241619,59402,301021
2023-09-30,312029,219857,55528,275385
2023-10-31,312029,236258,66910,303168
2023-11-30,312029,248413,56031,304444
2023-12-31,312029,254415,61174,315589
2024-01-31,312029,230040,58108,288148
2024-02-29,312029,219912,58710,278622
2024-03-31,312029,246321,71470,317791
2024-04-30,312029,232988,61257,294245
2024-05-31,312029,223660,59390,283050
2023-05-31,312027,26,5,31
2023-06-30,312027,1754837,60514,1815351
2023-07-31,312027,1705022,63497,1768519
2023-08-31,312027,1891833,70897,1962730
2023-09-30,312027,1679912,64919,1744831
2023-10-31,312027,1972158,76148,2048306
2023-11-30,312027,1993535,59337,2052872
2023-12-31,312027,2100064,67017,2167081
2024-01-31,312027,1973442,61587,2035029
2024-02-29,312027,1999242,71876,2071118
2024-03-31,312027,2028016,73004,2101020
2024-04-30,312027,1955465,68021,2023486
2024-05-31,312027,1913545,68080,1981625
2023-05-31,312026,0,3,3
2023-06-30,312026,56013,35969,91982
2023-07-31,312026,50130,29374,79504
2023-08-31,312026,52149,36644,88793
2023-09-30,312026,47629,33081,80710
2023-10-31,312026,54583,38683,93266
2023-11-30,312026,56970,26790,83760
2023-12-31,312026,57394,35778,93172
2024-01-31,312026,53546,33299,86845
2024-02-29,312026,55455,37857,93312
2024-03-31,312026,60412,39399,99811
2024-04-30,312026,59511,39372,98883
2024-05-31,312026,59431,40714,100145
2023-05-31,312022,100,21,121
2023-06-30,312022,1777083,280749,2057832
2023-07-31,312022,1449669,307060,1756729
2023-08-31,312022,1557594,302938,1860532
2023-09-30,312022,1454017,293383,1747400
2023-10-31,312022,1713921,365034,2078955
2023-11-30,312022,1760939,337731,2098670
2023-12-31,312022,1836960,338527,2175487
2024-01-31,312022,1637987,278925,1916912
2024-02-29,312022,1385694,261834,1647528
2024-03-31,312022,1630650,290661,1921311
2024-04-30,312022,1619585,277883,1897468
2024-05-31,312022,1661709,294555,1956264
2023-05-31,312021,179,120,299
2023-06-30,312021,117823,105131,222954
2023-07-31,312021,99153,97879,197032
2023-08-31,312021,92697,103830,196527
2023-09-30,312021,97916,99481,197397
2023-10-31,312021,97908,119752,217660
2023-11-30,312021,111762,98632,210394
2023-12-31,312021,119598,112366,231964
2024-01-31,312021,102431,106396,208827
2024-02-29,312021,113174,114996,228170
2024-03-31,312021,127109,128364,255473
2024-04-30,312021,119278,118661,237939
2024-05-31,312021,124858,123973,248831
2023-05-31,312023,38,4,42
2023-06-30,312023,316023,58385,374408
2023-07-31,312023,282843,52690,335533
2023-08-31,312023,311162,53273,364435
2023-09-30,312023,280498,53818,334316
2023-10-31,312023,311582,64908,376490
2023-11-30,312023,328305,50149,378454
2023-12-31,312023,334551,65255,399806
2024-01-31,312023,297487,57235,354722
2024-02-29,312023,300279,62569,362848
2024-03-31,312023,322187,64913,387100
2024-04-30,312023,315815,62760,378575
2024-05-31,312023,305834,65128,370962
2023-05-31,312018,60,18,78
2023-06-30,312018,108159,18675,126834
2023-07-31,312018,103425,19719,123144
2023-08-31,312018,111436,19625,131061
2023-09-30,312018,96224,19310,115534
2023-10-31,312018,108091,25124,133215
2023-11-30,312018,113111,25031,138142
2023-12-31,312018,115855,33303,149158
2024-01-31,312018,105194,32082,137276
2024-02-29,312018,52086,16043,68129
2024-03-31,312018,100367,20287,120654
2024-04-30,312018,94439,19523,113962
2024-05-31,312018,93609,20776,114385
2023-05-31,312020,70,20,90
2023-06-30,312020,52119,21953,74072
2023-07-31,312020,46646,19782,66428
2023-08-31,312020,45688,20428,66116
2023-09-30,312020,43739,19487,63226
2023-10-31,312020,44839,21940,66779
2023-11-30,312020,54550,18481,73031
2023-12-31,312020,52167,20550,72717
2024-01-31,312020,48187,19789,67976
2024-02-29,312020,58898,21200,80098
2024-03-31,312020,53502,20945,74447
2024-04-30,312020,48568,20481,69049
2024-05-31,312020,49512,21136,70648
2023-05-31,244000,10,10,20
2023-06-30,244000,159911,210905,370816
2023-07-31,244000,136224,172140,308364
2023-08-31,244000,129065,182406,311471
2023-09-30,244000,108389,172551,280940
2023-10-31,244000,126832,169496,296328
2023-11-30,244000,124678,211564,336242
2023-12-31,244000,138909,211109,350018
2024-01-31,244000,128264,195657,323921
2024-02-29,244000,128316,213581,341897
2024-03-31,244000,147179,247708,394887
2024-04-30,244000,136998,211207,348205
2024-05-31,244000,141185,220605,361790
2023-05-31,243000,2,0,2
2023-06-30,243000,107907,33666,141573
2023-07-31,243000,98567,33132,131699
2023-08-31,243000,98462,33998,132460
2023-09-30,243000,90384,29537,119921
2023-10-31,243000,96010,34472,130482
2023-11-30,243000,113837,28308,142145
2023-12-31,243000,114479,32131,146610
2024-01-31,243000,109034,31246,140280
2024-02-29,243000,110411,32364,142775
2024-03-31,243000,102144,32929,135073
2024-04-30,243000,100860,29323,130183
2024-05-31,243000,110343,31577,141920
2023-05-31,244001,56,39,95
2023-06-30,244001,203591,177145,380736
2023-07-31,244001,180011,141741,321752
2023-08-31,244001,178032,147781,325813
2023-09-30,244001,158542,139592,298134
2023-10-31,244001,181566,143126,324692
2023-11-30,244001,175325,174813,350138
2023-12-31,244001,198172,179691,377863
2024-01-31,244001,185855,159035,344890
2024-02-29,244001,185895,172420,358315
2024-03-31,244001,200315,205329,405644
2024-04-30,244001,190976,173177,364153
2024-05-31,244001,197710,180735,378445
2023-05-31,257002,1,3,4
2023-06-30,257002,390789,93765,484554
2023-07-31,257002,379723,84835,464558
2023-08-31,257002,415095,106915,522010
2023-09-30,257002,375403,89188,464591
2023-10-31,257002,474059,101382,575441
2023-11-30,257002,444122,99807,543929
2023-12-31,257002,544984,108930,653914
2024-01-31,257002,476946,105092,582038
2024-02-29,257002,431309,107486,538795
2024-03-31,257002,431970,113830,545800
2024-04-30,257002,507150,103599,610749
2024-05-31,257002,535625,112997,648622
2023-06-30,243001,139884,38003,177887
2023-07-31,243001,132221,37529,169750
2023-08-31,243001,134043,38813,172856
2023-09-30,243001,121739,34085,155824
2023-10-31,243001,132590,39763,172353
2023-11-30,243001,149277,35212,184489
2023-12-31,243001,153330,38561,191891
2024-01-31,243001,148446,35626,184072
2024-02-29,243001,151837,37023,188860
2024-03-31,243001,138508,37773,176281
2024-04-30,243001,137722,34568,172290
2024-05-31,243001,147444,37736,185180
2023-05-31,245001,2,0,2
2023-06-30,245001,293889,233665,527554
2023-07-31,245001,285004,245543,530547
2023-08-31,245001,298769,248671,547440
2023-09-30,245001,254368,233736,488104
2023-10-31,245001,264270,279771,544041
2023-11-30,245001,290717,231129,521846
2023-12-31,245001,311227,264883,576110
2024-01-31,245001,289098,251487,540585
2024-02-29,245001,284197,273368,557565
2024-03-31,245001,281885,294924,576809
2024-04-30,245001,288847,271886,560733
2024-05-31,245001,292764,270090,562854
2023-05-31,257001,7,2,9
2023-06-30,257001,281469,65321,346790
2023-07-31,257001,255940,59771,315711
2023-08-31,257001,282770,74836,357606
2023-09-30,257001,267402,63724,331126
2023-10-31,257001,327068,72155,399223
2023-11-30,257001,308751,70384,379135
2023-12-31,257001,380697,77613,458310
2024-01-31,257001,334633,72768,407401
2024-02-29,257001,293561,73809,367370
2024-03-31,257001,300167,80617,380784
2024-04-30,257001,357948,72842,430790
2024-05-31,257001,397271,78098,475369
2023-05-31,140001,11,3,14
2023-06-30,140001,267899,110399,378298
2023-07-31,140001,239719,102146,341865
2023-08-31,140001,252703,105260,357963
2023-09-30,140001,210847,99303,310150
2023-10-31,140001,237081,119982,357063
2023-11-30,140001,306556,105997,412553
2023-12-31,140001,295200,135816,431016
2024-01-31,140001,266776,122498,389274
2024-02-29,140001,261491,119074,380565
2024-03-31,140001,259803,123043,382846
2024-04-30,140001,276036,105704,381740
2024-05-31,140001,284888,111791,396679
2023-06-30,314016,223844,33448,257292
2023-07-31,314016,202140,33022,235162
2023-08-31,314016,216252,34659,250911
2023-09-30,314016,195014,30294,225308
2023-10-31,314016,218739,37248,255987
2023-11-30,314016,230491,35681,266172
2023-12-31,314016,236724,39599,276323
2024-01-31,314016,226377,35859,262236
2024-02-29,314016,196028,30650,226678
2024-03-31,314016,240956,39503,280459
2024-04-30,314016,216962,38296,255258
2024-05-31,314016,218803,38489,257292
2023-05-31,123001,125,67,192
2023-06-30,123001,1011559,180421,1191980
2023-07-31,123001,1068635,164940,1233575
2023-08-31,123001,1150304,183402,1333706
2023-09-30,123001,998898,161284,1160182
2023-10-31,123001,1096074,180530,1276604
2023-11-30,123001,1087234,177954,1265188
2023-12-31,123001,1265794,193216,1459010
2024-01-31,123001,1211647,193943,1405590
2024-02-29,123001,1041897,191917,1233814
2024-03-31,123001,1076178,198304,1274482
2024-04-30,123001,1213166,185694,1398860
2024-05-31,123001,1269689,182578,1452267
2023-05-31,320016,131,85,216
2023-06-30,320016,47903,25364,73267
2023-07-31,320016,37336,24958,62294
2023-08-31,320016,35610,25503,61113
2023-09-30,320016,34297,23266,57563
2023-10-31,320016,40552,30761,71313
2023-11-30,320016,54499,28540,83039
2023-12-31,320016,48073,30108,78181
2024-01-31,320016,37749,26900,64649
2024-02-29,320016,44524,28780,73304
2024-03-31,320016,51982,30627,82609
2024-04-30,320016,45493,28336,73829
2024-05-31,320016,41034,28720,69754
2023-05-31,312003,2,2,4
2023-06-30,312003,146162,70393,216555
2023-07-31,312003,128247,67249,195496
2023-08-31,312003,136411,71527,207938
2023-09-30,312003,134715,66704,201419
2023-10-31,312003,137285,81060,218345
2023-11-30,312003,142397,70646,213043
2023-12-31,312003,146826,77664,224490
2024-01-31,312003,123628,72418,196046
2024-02-29,312003,128867,70768,199635
2024-03-31,312003,145146,73058,218204
2024-04-30,312003,145585,71390,216975
2024-05-31,312003,138093,72339,210432
2023-05-31,312002,0,1,1
2023-06-30,312002,165375,53231,218606
2023-07-31,312002,153986,50724,204710
2023-08-31,312002,161225,54608,215833
2023-09-30,312002,144762,49360,194122
2023-10-31,312002,156622,59421,216043
2023-11-30,312002,162190,50493,212683
2023-12-31,312002,165622,56160,221782
2024-01-31,312002,145244,53323,198567
2024-02-29,312002,145515,53149,198664
2024-03-31,312002,163335,54491,217826
2024-04-30,312002,164849,50356,215205
2024-05-31,312002,163928,51098,215026
2023-05-31,284001,1,3,4
2023-06-30,284001,84147,37750,121897
2023-07-31,284001,75120,34702,109822
2023-08-31,284001,76725,32730,109455
2023-09-30,284001,63079,33163,96242
2023-10-31,284001,70289,39674,109963
2023-11-30,284001,86450,38404,124854
2023-12-31,284001,90388,38905,129293
2024-01-31,284001,70193,31648,101841
2024-02-29,284001,77770,34144,111914
2024-03-31,284001,77440,37068,114508
2024-04-30,284001,86135,38957,125092
2024-05-31,284001,72238,40094,112332
2023-05-31,312001,0,1,1
2023-06-30,312001,151649,58314,209963
2023-07-31,312001,136214,61199,197413
2023-08-31,312001,150308,71915,222223
2023-09-30,312001,134484,55461,189945
2023-10-31,312001,142695,69308,212003
2023-11-30,312001,146758,63669,210427
2023-12-31,312001,150136,65850,215986
2024-01-31,312001,130619,57747,188366
2024-02-29,312001,122004,51694,173698
2024-03-31,312001,146359,53870,200229
2024-04-30,312001,139453,49576,189029
2024-05-31,312001,138690,49516,188206
2023-05-31,311005,786,12,798
2023-06-30,311005,66626,800,67426
2023-07-31,311005,44979,626,45605
2023-08-31,311005,53870,672,54542
2023-09-30,311005,52217,591,52808
2023-10-31,311005,62481,705,63186
2023-11-30,311005,73498,670,74168
2023-12-31,311005,66310,650,66960
2024-01-31,311005,60201,616,60817
2024-02-29,311005,63574,770,64344
2024-03-31,311005,70481,787,71268
2024-04-30,311005,71220,856,72076
2024-05-31,311005,76258,1164,77422
2023-05-31,311003,3149,11,3160
2023-06-30,311003,223076,1231,224307
2023-07-31,311003,119614,880,120494
2023-08-31,311003,158316,915,159231
2023-09-30,311003,176210,2113,178323
2023-10-31,311003,235997,3400,239397
2023-11-30,311003,224192,3819,228011
2023-12-31,311003,222296,3893,226189
2024-01-31,311003,219122,4592,223714
2024-02-29,311003,221610,4958,226568
2024-03-31,311003,248604,4107,252711
2024-04-30,311003,192690,1114,193804
2024-05-31,311003,217347,1506,218853
2023-06-30,241700,90690,106703,197393
2023-07-31,241700,79217,107548,186765
2023-08-31,241700,83015,106814,189829
2023-09-30,241700,74898,94461,169359
2023-10-31,241700,86765,112868,199633
2023-11-30,241700,83461,107076,190537
2023-12-31,241700,98260,123890,222150
2024-01-31,241700,89652,113769,203421
2024-02-29,241700,89788,126738,216526
2024-03-31,241700,90470,129259,219729
2024-04-30,241700,92682,115298,207980
2024-05-31,241700,96007,123742,219749
2023-05-31,242000,276,41,317
2023-06-30,242000,320039,55523,375562
2023-07-31,242000,277090,53782,330872
2023-08-31,242000,320205,54829,375034
2023-09-30,242000,311411,56360,367771
2023-10-31,242000,313987,72252,386239
2023-11-30,242000,327016,64481,391497
2023-12-31,242000,330104,75196,405300
2024-01-31,242000,296365,67852,364217
2024-02-29,242000,326353,81357,407710
2024-03-31,242000,334545,69006,403551
2024-04-30,242000,309246,60449,369695
2024-05-31,242000,284242,62074,346316
2023-05-31,241701,10,1,11
2023-06-30,241701,95090,110813,205903
2023-07-31,241701,85523,111775,197298
2023-08-31,241701,90376,110653,201029
2023-09-30,241701,82040,97971,180011
2023-10-31,241701,92616,116982,209598
2023-11-30,241701,87828,110499,198327
2023-12-31,241701,103310,127814,231124
2024-01-31,241701,93384,117422,210806
2024-02-29,241701,91421,130852,222273
2024-03-31,241701,94956,132811,227767
2024-04-30,241701,94330,119718,214048
2024-05-31,241701,98839,129124,227963
2023-05-31,242001,186,34,220
2023-06-30,242001,410515,63473,473988
2023-07-31,242001,374568,61771,436339
2023-08-31,242001,404264,61179,465443
2023-09-30,242001,386942,61848,448790
2023-10-31,242001,399011,76291,475302
2023-11-30,242001,415878,66561,482439
2023-12-31,242001,420133,80080,500213
2024-01-31,242001,381017,72936,453953
2024-02-29,242001,370437,74568,445005
2024-03-31,242001,401617,72533,474150
2024-04-30,242001,377694,63996,441690
2024-05-31,242001,363849,68679,432528
2023-05-31,241900,3,4,7
2023-06-30,241900,205484,156841,362325
2023-07-31,241900,181407,151941,333348
2023-08-31,241900,183542,147702,331244
2023-09-30,241900,173093,131213,304306
2023-10-31,241900,192295,155327,347622
2023-11-30,241900,184700,144078,328778
2023-12-31,241900,225851,166483,392334
2024-01-31,241900,214870,154805,369675
2024-02-29,241900,210166,163754,373920
2024-03-31,241900,201012,173054,374066
2024-04-30,241900,202051,157948,359999
2024-05-31,241900,214425,170846,385271
2023-05-31,239900,2,0,2
2023-06-30,239900,133783,97970,231753
2023-07-31,239900,110247,93509,203756
2023-08-31,239900,105864,94084,199948
2023-09-30,239900,97456,87304,184760
2023-10-31,239900,119467,104309,223776
2023-11-30,239900,139927,101926,241853
2023-12-31,239900,138180,118979,257159
2024-01-31,239900,108702,98915,207617
2024-02-29,239900,122863,107628,230491
2024-03-31,239900,133209,115508,248717
2024-04-30,239900,132428,115139,247567
2024-05-31,239900,121209,119076,240285
2023-06-30,314041,18905,10807,29712
2023-07-31,314041,16148,10417,26565
2023-08-31,314041,18204,11164,29368
2023-09-30,314041,15502,11615,27117
2023-10-31,314041,18483,34410,52893
2023-11-30,314041,17451,22424,39875
2023-12-31,314041,15805,11559,27364
2024-01-31,314041,15052,8006,23058
2024-02-29,314041,12817,5434,18251
2024-03-31,314041,16346,7408,23754
2024-04-30,314041,14420,8728,23148
2024-05-31,314041,14956,7524,22480
2023-05-31,312041,217,186,403
2023-06-30,312041,47857,47292,95149
2023-07-31,312041,48023,52591,100614
2023-08-31,312041,47709,54831,102540
2023-09-30,312041,45670,51963,97633
2023-10-31,312041,50306,56811,107117
2023-11-30,312041,47130,49590,96720
2023-12-31,312041,47726,52764,100490
2024-01-31,312041,47703,50256,97959
2024-02-29,312041,48408,52600,101008
2024-03-31,312041,49315,54142,103457
2024-04-30,312041,48297,51447,99744
2024-05-31,312041,50832,54485,105317
2023-05-31,217002,17,22,39
2023-06-30,217002,191977,141670,333647
2023-07-31,217002,181872,156440,338312
2023-08-31,217002,190858,167867,358725
2023-09-30,217002,170094,150384,320478
2023-10-31,217002,186307,183435,369742
2023-11-30,217002,209799,152641,362440
2023-12-31,217002,210058,171414,381472
2024-01-31,217002,198946,172013,370959
2024-02-29,217002,200017,177247,377264
2024-03-31,217002,204103,181749,385852
2024-04-30,217002,210575,166226,376801
2024-05-31,217002,227482,174211,401693
2023-05-31,280001,2,3,5
2023-06-30,280001,122807,72695,195502
2023-07-31,280001,98618,61255,159873
2023-08-31,280001,106406,57082,163488
2023-09-30,280001,84186,58487,142673
2023-10-31,280001,94689,69839,164528
2023-11-30,280001,121048,71728,192776
2023-12-31,280001,117552,73671,191223
2024-01-31,280001,82805,61754,144559
2024-02-29,280001,101120,66124,167244
2024-03-31,280001,105844,70977,176821
2024-04-30,280001,105737,74801,180538
2024-05-31,280001,90469,74435,164904
2023-05-31,312072,21,41,62
2023-06-30,312072,30186,74866,105052
2023-07-31,312072,29122,82212,111334
2023-08-31,312072,28988,90352,119340
2023-09-30,312072,26881,79520,106401
2023-10-31,312072,32707,83446,116153
2023-11-30,312072,30966,79854,110820
2023-12-31,312072,37653,87457,125110
2024-01-31,312072,31881,77825,109706
2024-02-29,312072,32895,97952,130847
2024-03-31,312072,34336,91612,125948
2024-04-30,312072,32680,95564,128244
2024-05-31,312072,33671,92822,126493
2023-05-31,320103,2840,231,3071
2023-06-30,320103,80026,9561,89587
2023-07-31,320103,58789,7349,66138
2023-08-31,320103,68955,10342,79297
2023-09-30,320103,80025,10910,90935
2023-10-31,320103,85826,13820,99646
2023-11-30,320103,95113,12859,107972
2023-12-31,320103,90562,14731,105293
2024-01-31,320103,80620,13000,93620
2024-02-29,320103,88340,13677,102017
2024-03-31,320103,84563,14766,99329
2024-04-30,320103,81174,12649,93823
2024-05-31,320103,82973,14253,97226
2023-05-31,312057,93,11,104
2023-06-30,312057,30545,14045,44590
2023-07-31,312057,24879,12672,37551
2023-08-31,312057,26879,14203,41082
2023-09-30,312057,23938,14136,38074
2023-10-31,312057,26989,18257,45246
2023-11-30,312057,30787,17731,48518
2023-12-31,312057,31100,17856,48956
2024-01-31,312057,27246,15758,43004
2024-02-29,312057,40847,18831,59678
2024-03-31,312057,35074,20394,55468
2024-04-30,312057,33509,20892,54401
2024-05-31,312057,32107,22132,54239
2023-05-31,320056,470,166,636
2023-06-30,320056,272519,67225,339744
2023-07-31,320056,263234,56924,320158
2023-08-31,320056,255969,60625,316594
2023-09-30,320056,238511,62000,300511
2023-10-31,320056,263627,75986,339613
2023-11-30,320056,285031,64387,349418
2023-12-31,320056,283706,74481,358187
2024-01-31,320056,253596,65394,318990
2024-02-29,320056,283944,70697,354641
2024-03-31,320056,296048,72514,368562
2024-04-30,320056,276337,72418,348755
2024-05-31,320056,274597,78056,352653
2023-05-31,199005,1113,299,1412
2023-06-30,199005,27984,12811,40795
2023-07-31,199005,29164,11101,40265
2023-08-31,199005,25850,11717,37567
2023-09-30,199005,10546,8180,18726
2023-10-31,199005,14385,11076,25461
2023-11-30,199005,17147,10387,27534
2023-12-31,199005,19949,10466,30415
2024-01-31,199005,16348,9434,25782
2024-02-29,199005,23019,11716,34735
2024-03-31,199005,21382,12169,33551
2024-04-30,199005,24443,13412,37855
2024-05-31,199005,21309,14232,35541
2023-05-31,340043,221,74,295
2023-06-30,340043,190880,67467,258347
2023-07-31,340043,168471,50813,219284
2023-08-31,340043,172894,47722,220616
2023-09-30,340043,150417,36780,187197
2023-10-31,340043,172413,55962,228375
2023-11-30,340043,193651,51068,244719
2023-12-31,340043,220372,81211,301583
2024-01-31,340043,200739,77067,277806
2024-02-29,340043,200471,75688,276159
2024-03-31,340043,195383,68030,263413
2024-04-30,340043,209884,61863,271747
2024-05-31,340043,226072,64204,290276
2023-05-31,340045,3,3,6
2023-06-30,340045,61606,53999,115605
2023-07-31,340045,57152,51222,108374
2023-08-31,340045,61007,55889,116896
2023-09-30,340045,52082,48769,100851
2023-10-31,340045,55650,58907,114557
2023-11-30,340045,67253,56355,123608
2023-12-31,340045,71793,68143,139936
2024-01-31,340045,63657,62100,125757
2024-02-29,340045,67177,68060,135237
2024-03-31,340045,71585,74477,146062
2024-04-30,340045,74348,64921,139269
2024-05-31,340045,86983,71887,158870
2023-05-31,340044,4,3,7
2023-06-30,340044,101365,88895,190260
2023-07-31,340044,90415,83845,174260
2023-08-31,340044,93866,84070,177936
2023-09-30,340044,82907,77278,160185
2023-10-31,340044,87395,90142,177537
2023-11-30,340044,87392,77974,165366
2023-12-31,340044,86503,102922,189425
2024-01-31,340044,81690,99647,181337
2024-02-29,340044,83572,106596,190168
2024-03-31,340044,87739,111584,199323
2024-04-30,340044,80316,98749,179065
2024-05-31,340044,85372,109318,194690
2023-05-31,340048,15,6,21
2023-06-30,340048,197663,38305,235968
2023-07-31,340048,176243,32794,209037
2023-08-31,340048,190770,34415,225185
2023-09-30,340048,159243,29825,189068
2023-10-31,340048,171914,34026,205940
2023-11-30,340048,208572,33325,241897
2023-12-31,340048,220082,39566,259648
2024-01-31,340048,209977,40088,250065
2024-02-29,340048,202809,40122,242931
2024-03-31,340048,193355,40555,233910
2024-04-30,340048,201852,36092,237944
2024-05-31,340048,230126,34084,264210
2023-06-30,340038,24459,37976,62435
2023-07-31,340038,23545,36065,59610
2023-08-31,340038,25246,35529,60775
2023-09-30,340038,21554,31969,53523
2023-10-31,340038,24121,38965,63086
2023-11-30,340038,24420,37149,61569
2023-12-31,340038,27158,41850,69008
2024-01-31,340038,25242,40662,65904
2024-02-29,340038,25043,42720,67763
2024-03-31,340038,23921,42939,66860
2024-04-30,340038,23724,39152,62876
2024-05-31,340038,25957,42563,68520
2023-05-31,330104,10,4,14
2023-06-30,330104,155757,71566,227323
2023-07-31,330104,142313,64120,206433
2023-08-31,330104,148657,66691,215348
2023-09-30,330104,134208,66708,200916
2023-10-31,330104,137921,83259,221180
2023-11-30,330104,155385,65736,221121
2023-12-31,330104,168442,79414,247856
2024-01-31,330104,156792,75401,232193
2024-02-29,330104,158187,80989,239176
2024-03-31,330104,151951,76373,228324
2024-04-30,330104,135954,65025,200979
2024-05-31,330104,151578,71913,223491
2023-05-31,330101,24,8,32
2023-06-30,330101,28932,20425,49357
2023-07-31,330101,22298,20069,42367
2023-08-31,330101,22565,19806,42371
2023-09-30,330101,22061,18218,40279
2023-10-31,330101,24690,22571,47261
2023-11-30,330101,33576,20229,53805
2023-12-31,330101,32300,24274,56574
2024-01-31,330101,26836,21835,48671
2024-02-29,330101,29149,22916,52065
2024-03-31,330101,31228,26040,57268
2024-04-30,330101,37038,22155,59193
2024-05-31,330101,35201,22660,57861
2023-05-31,330103,1,3,4
2023-06-30,330103,86484,48381,134865
2023-07-31,330103,88468,50615,139083
2023-08-31,330103,86318,51113,137431
2023-09-30,330103,75875,42554,118429
2023-10-31,330103,79490,51072,130562
2023-11-30,330103,97179,42853,140032
2023-12-31,330103,93064,51274,144338
2024-01-31,330103,82254,50670,132924
2024-02-29,330103,76327,56769,133096
2024-03-31,330103,75460,53871,129331
2024-04-30,330103,70164,48752,118916
2024-05-31,330103,83357,56066,139423
2023-05-31,330099,1,1,2
2023-06-30,330099,32273,4412,36685
2023-07-31,330099,32609,3955,36564
2023-08-31,330099,42112,4020,46132
2023-09-30,330099,59215,4103,63318
2023-10-31,330099,34707,5084,39791
2023-11-30,330099,34889,5360,40249
2023-12-31,330099,46598,5572,52170
2024-01-31,330099,39259,4374,43633
2024-02-29,330099,38684,4436,43120
2024-03-31,330099,30977,4506,35483
2024-04-30,330099,36045,3854,39899
2024-05-31,330099,33622,4445,38067
2023-05-31,345058,1,0,1
2023-06-30,345058,109639,71417,181056
2023-07-31,345058,86906,69614,156520
2023-08-31,345058,86859,75117,161976
2023-09-30,345058,76852,73379,150231
2023-10-31,345058,100131,82953,183084
2023-11-30,345058,104187,79302,183489
2023-12-31,345058,108275,86437,194712
2024-01-31,345058,86366,82601,168967
2024-02-29,345058,104817,92774,197591
2024-03-31,345058,114221,108797,223018
2024-04-30,345058,127099,101306,228405
2024-05-31,345058,112882,100104,212986
2023-05-31,345041,0,2,2
2023-06-30,345041,89077,28283,117360
2023-07-31,345041,65988,25385,91373
2023-08-31,345041,68406,30012,98418
2023-09-30,345041,62071,38206,100277
2023-10-31,345041,72426,44701,117127
2023-11-30,345041,77034,42709,119743
2023-12-31,345041,79696,49486,129182
2024-01-31,345041,68215,45834,114049
2024-02-29,345041,94356,45426,139782
2024-03-31,345041,86174,61087,147261
2024-04-30,345041,89450,61211,150661
2024-05-31,345041,88319,60378,148697
2023-05-31,330032,1,0,1
2023-06-30,330032,20477,13976,34453
2023-07-31,330032,22225,19445,41670
2023-08-31,330032,22410,20619,43029
2023-09-30,330032,20049,15181,35230
2023-10-31,330032,23265,18709,41974
2023-11-30,330032,27029,15574,42603
2023-12-31,330032,25858,18536,44394
2024-01-31,330032,26500,16796,43296
2024-02-29,330032,29846,21179,51025
2024-03-31,330032,38356,39371,77727
2024-04-30,330032,39716,39352,79068
2024-05-31,330032,40871,40654,81525
2023-06-30,330030,38202,40018,78220
2023-07-31,330030,33290,43161,76451
2023-08-31,330030,35008,48197,83205
2023-09-30,330030,33137,41197,74334
2023-10-31,330030,37856,51977,89833
2023-11-30,330030,41322,45508,86830
2023-12-31,330030,44676,57384,102060
2024-01-31,330030,43528,56809,100337
2024-02-29,330030,43023,63542,106565
2024-03-31,330030,41524,65660,107184
2024-04-30,330030,40455,63243,103698
2024-05-31,330030,42559,67426,109985
2023-05-31,330025,215,50,265
2023-06-30,330025,42991,13560,56551
2023-07-31,330025,42789,13846,56635
2023-08-31,330025,45528,15293,60821
2023-09-30,330025,42325,13786,56111
2023-10-31,330025,38360,17055,55415
2023-11-30,330025,45226,15173,60399
2023-12-31,330025,46333,16350,62683
2024-01-31,330025,41203,15505,56708
2024-02-29,330025,47599,17282,64881
2024-03-31,330025,50625,17631,68256
2024-04-30,330025,48889,14692,63581
2024-05-31,330025,45886,15612,61498
2023-05-31,330031,0,1,1
2023-06-30,330031,20432,15141,35573
2023-07-31,330031,16913,13570,30483
2023-08-31,330031,17905,15401,33306
2023-09-30,330031,16024,11489,27513
2023-10-31,330031,17666,14936,32602
2023-11-30,330031,19825,15016,34841
2023-12-31,330031,21600,16666,38266
2024-01-31,330031,21361,17068,38429
2024-02-29,330031,20648,22715,43363
2024-03-31,330031,19917,21047,40964
2024-04-30,330031,20511,14971,35482
2024-05-31,330031,21666,16072,37738
2023-05-31,330020,0,1,1
2023-06-30,330020,25073,31932,57005
2023-07-31,330020,23257,25222,48479
2023-08-31,330020,23947,18078,42025
2023-09-30,330020,44774,21972,66746
2023-10-31,330020,25627,28104,53731
2023-11-30,330020,24259,21524,45783
2023-12-31,330020,31787,23052,54839
2024-01-31,330020,28086,18277,46363
2024-02-29,330020,26913,17896,44809
2024-03-31,330020,23889,16408,40297
2024-04-30,330020,25015,16177,41192
2024-05-31,330020,24137,16436,40573
2023-06-30,330021,44127,38440,82567
2023-07-31,330021,39377,30747,70124
2023-08-31,330021,39725,22487,62212
2023-09-30,330021,50430,25132,75562
2023-10-31,330021,43839,32615,76454
2023-11-30,330021,44860,26346,71206
2023-12-31,330021,56528,27858,84386
2024-01-31,330021,51187,23736,74923
2024-02-29,330021,49570,21965,71535
2024-03-31,330021,43086,21185,64271
2024-04-30,330021,46311,20844,67155
2024-05-31,330021,48242,23211,71453
2023-05-31,330085,0,1,1
2023-06-30,330085,33393,13514,46907
2023-07-31,330085,32219,14791,47010
2023-08-31,330085,35496,17318,52814
2023-09-30,330085,35760,14361,50121
2023-10-31,330085,31700,19581,51281
2023-11-30,330085,52121,16046,68167
2023-12-31,330085,40620,19685,60305
2024-01-31,330085,37540,17303,54843
2024-02-29,330085,36785,14646,51431
2024-03-31,330085,34504,15720,50224
2024-04-30,330085,38228,17600,55828
2024-05-31,330085,35974,18146,54120
2023-06-30,320137,94551,18337,112888
2023-07-31,320137,83297,13887,97184
2023-08-31,320137,91647,18276,109923
2023-09-30,320137,83842,17326,101168
2023-10-31,320137,104342,20715,125057
2023-11-30,320137,112790,22045,134835
2023-12-31,320137,105668,24341,130009
2024-01-31,320137,94768,22363,117131
2024-02-29,320137,107087,23040,130127
2024-03-31,320137,109484,24745,134229
2024-04-30,320137,98240,22783,121023
2024-05-31,320137,96171,22184,118355
2023-05-31,340030,5,1,6
2023-06-30,340030,153819,31457,185276
2023-07-31,340030,131906,28738,160644
2023-08-31,340030,141348,29626,170974
2023-09-30,340030,120311,25747,146058
2023-10-31,340030,153200,28878,182078
2023-11-30,340030,183183,32656,215839
2023-12-31,340030,167676,35677,203353
2024-01-31,340030,152892,35307,188199
2024-02-29,340030,152986,38591,191577
2024-03-31,340030,155338,43516,198854
2024-04-30,340030,176298,37512,213810
2024-05-31,340030,194286,35512,229798
2023-05-31,340005,3,4,7
2023-06-30,340005,242545,151077,393622
2023-07-31,340005,228046,148404,376450
2023-08-31,340005,241060,139636,380696
2023-09-30,340005,195095,113978,309073
2023-10-31,340005,212738,129544,342282
2023-11-30,340005,260271,117387,377658
2023-12-31,340005,268403,138982,407385
2024-01-31,340005,248925,130868,379793
2024-02-29,340005,250433,131542,381975
2024-03-31,340005,252511,127525,380036
2024-04-30,340005,275921,114415,390336
2024-05-31,340005,297862,116392,414254
2023-05-31,330119,0,1,1
2023-06-30,330119,42634,16414,59048
2023-07-31,330119,38789,15940,54729
2023-08-31,330119,39975,14997,54972
2023-09-30,330119,42220,13594,55814
2023-10-31,330119,42667,14725,57392
2023-11-30,330119,45890,13055,58945
2023-12-31,330119,46706,15121,61827
2024-01-31,330119,44160,12887,57047
2024-02-29,330119,52474,13609,66083
2024-03-31,330119,50131,15866,65997
2024-04-30,330119,47082,15518,62600
2024-05-31,330119,49970,15062,65032
2023-05-31,330115,0,5,5
2023-06-30,330115,38068,34616,72684
2023-07-31,330115,37543,31586,69129
2023-08-31,330115,40196,36355,76551
2023-09-30,330115,41118,32423,73541
2023-10-31,330115,39129,35883,75012
2023-11-30,330115,40042,32274,72316
2023-12-31,330115,41615,40783,82398
2024-01-31,330115,37913,36239,74152
2024-02-29,330115,41351,38778,80129
2024-03-31,330115,38655,39908,78563
2024-04-30,330115,42507,40942,83449
2024-05-31,330115,42546,41403,83949
2023-06-30,330118,37001,4225,41226
2023-07-31,330118,36666,4125,40791
2023-08-31,330118,38019,4317,42336
2023-09-30,330118,36349,3949,40298
2023-10-31,330118,36913,5230,42143
2023-11-30,330118,41330,4145,45475
2023-12-31,330118,42228,4621,46849
2024-01-31,330118,42507,3243,45750
2024-02-29,330118,49064,3633,52697
2024-03-31,330118,47628,4768,52396
2024-04-30,330118,45230,4139,49369
2024-05-31,330118,46385,4069,50454
2023-05-31,330114,27,22,49
2023-06-30,330114,59075,29482,88557
2023-07-31,330114,62897,28196,91093
2023-08-31,330114,65147,31243,96390
2023-09-30,330114,66836,28870,95706
2023-10-31,330114,62123,34576,96699
2023-11-30,330114,67117,28923,96040
2023-12-31,330114,66332,33596,99928
2024-01-31,330114,61583,33025,94608
2024-02-29,330114,66098,36610,102708
2024-03-31,330114,63262,36729,99991
2024-04-30,330114,60786,35115,95901
2024-05-31,330114,62452,36356,98808
2023-05-31,330075,25,41,66
2023-06-30,330075,30632,50863,81495
2023-07-31,330075,27980,46401,74381
2023-08-31,330075,29766,43303,73069
2023-09-30,330075,30432,42820,73252
2023-10-31,330075,25855,48852,74707
2023-11-30,330075,31185,43112,74297
2023-12-31,330075,31360,51274,82634
2024-01-31,330075,29496,48953,78449
2024-02-29,330075,31693,48700,80393
2024-03-31,330075,30749,49220,79969
2024-04-30,330075,31766,44639,76405
2024-05-31,330075,30103,45517,75620
2023-05-31,330079,1,1,2
2023-06-30,330079,131602,42604,174206
2023-07-31,330079,121802,38559,160361
2023-08-31,330079,123713,38679,162392
2023-09-30,330079,113256,36079,149335
2023-10-31,330079,127440,49075,176515
2023-11-30,330079,139579,43967,183546
2023-12-31,330079,141582,47203,188785
2024-01-31,330079,137024,40326,177350
2024-02-29,330079,148481,42287,190768
2024-03-31,330079,139933,46166,186099
2024-04-30,330079,146073,41282,187355
2024-05-31,330079,160801,41456,202257
2023-05-31,330077,35,20,55
2023-06-30,330077,194813,196808,391621
2023-07-31,330077,185616,205129,390745
2023-08-31,330077,188049,220116,408165
2023-09-30,330077,180582,192774,373356
2023-10-31,330077,187443,232733,420176
2023-11-30,330077,251658,191791,443449
2023-12-31,330077,220176,235093,455269
2024-01-31,330077,196606,224694,421300
2024-02-29,330077,208749,240203,448952
2024-03-31,330077,204066,247814,451880
2024-04-30,330077,218348,221330,439678
2024-05-31,330077,237465,233724,471189
2023-05-31,330080,1,0,1
2023-06-30,330080,59763,29448,89211
2023-07-31,330080,53614,26133,79747
2023-08-31,330080,50340,24868,75208
2023-09-30,330080,47614,22694,70308
2023-10-31,330080,55273,30875,86148
2023-11-30,330080,63043,28025,91068
2023-12-31,330080,64411,33857,98268
2024-01-31,330080,59839,27027,86866
2024-02-29,330080,63208,29688,92896
2024-03-31,330080,61386,34190,95576
2024-04-30,330080,68238,30453,98691
2024-05-31,330080,70461,31214,101675
2023-05-31,330076,43,57,100
2023-06-30,330076,33056,51998,85054
2023-07-31,330076,30815,47250,78065
2023-08-31,330076,31218,42315,73533
2023-09-30,330076,28640,39004,67644
2023-10-31,330076,28763,49210,77973
2023-11-30,330076,32767,43588,76355
2023-12-31,330076,33625,52106,85731
2024-01-31,330076,31785,49738,81523
2024-02-29,330076,33876,49892,83768
2024-03-31,330076,31382,50332,81714
2024-04-30,330076,33479,45465,78944
2024-05-31,330076,32585,46812,79397
2023-05-31,330078,9,5,14
2023-06-30,330078,97781,49216,146997
2023-07-31,330078,88579,43305,131884
2023-08-31,330078,87525,36575,124100
2023-09-30,330078,87718,37067,124785
2023-10-31,330078,100274,44070,144344
2023-11-30,330078,101747,36496,138243
2023-12-31,330078,107481,40333,147814
2024-01-31,330078,104574,35718,140292
2024-02-29,330078,109805,36253,146058
2024-03-31,330078,96025,35162,131187
2024-04-30,330078,108773,33360,142133
2024-05-31,330078,104463,36594,141057
2023-06-30,330074,36922,10442,47364
2023-07-31,330074,33476,10696,44172
2023-08-31,330074,33302,10210,43512
2023-09-30,330074,38200,8724,46924
2023-10-31,330074,33159,12357,45516
2023-11-30,330074,57366,12065,69431
2023-12-31,330074,45443,12658,58101
2024-01-31,330074,39769,11829,51598
2024-02-29,330074,41653,9702,51355
2024-03-31,330074,38897,9754,48651
2024-04-30,330074,43659,10682,54341
2024-05-31,330074,37997,11477,49474
2023-05-31,330121,2,0,2
2023-06-30,330121,30753,5399,36152
2023-07-31,330121,30226,6265,36491
2023-08-31,330121,28668,7100,35768
2023-09-30,330121,29589,6295,35884
2023-10-31,330121,33259,7678,40937
2023-11-30,330121,34884,5259,40143
2023-12-31,330121,37066,7429,44495
2024-01-31,330121,32504,6731,39235
2024-02-29,330121,39893,6938,46831
2024-03-31,330121,30715,7060,37775
2024-04-30,330121,37712,5977,43689
2024-05-31,330121,38890,7150,46040
2023-06-30,330126,5642,7708,13350
2023-07-31,330126,4660,6203,10863
2023-08-31,330126,4554,5516,10070
2023-09-30,330126,5990,4771,10761
2023-10-31,330126,4497,5637,10134
2023-11-30,330126,4175,4982,9157
2023-12-31,330126,2529,3473,6002
2024-01-31,330126,3699,2555,6254
2024-02-29,330126,4958,2516,7474
2024-03-31,330126,4247,2366,6613
2024-04-30,330126,6619,5838,12457
2024-05-31,330126,6902,7167,14069
2023-06-30,330124,4671,6580,11251
2023-07-31,330124,4264,5561,9825
2023-08-31,330124,4323,5466,9789
2023-09-30,330124,4332,5624,9956
2023-10-31,330124,4418,6304,10722
2023-11-30,330124,4221,4359,8580
2023-12-31,330124,5240,4391,9631
2024-01-31,330124,5271,4279,9550
2024-02-29,330124,5388,4814,10202
2024-03-31,330124,4873,3288,8161
2024-04-30,330124,4919,3639,8558
2024-05-31,330124,6242,7237,13479
2023-05-31,330120,18,4,22
2023-06-30,330120,26064,6304,32368
2023-07-31,330120,24814,6569,31383
2023-08-31,330120,23802,7138,30940
2023-09-30,330120,23683,5935,29618
2023-10-31,330120,25621,7343,32964
2023-11-30,330120,28748,6079,34827
2023-12-31,330120,32355,8497,40852
2024-01-31,330120,26276,8083,34359
2024-02-29,330120,31491,8107,39598
2024-03-31,330120,24387,7413,31800
2024-04-30,330120,33146,8277,41423
2024-05-31,330120,33117,7519,40636
2023-05-31,330123,3,0,3
2023-06-30,330123,126216,48226,174442
2023-07-31,330123,114253,49843,164096
2023-08-31,330123,125483,48373,173856
2023-09-30,330123,118527,47197,165724
2023-10-31,330123,125781,65816,191597
2023-11-30,330123,142520,51947,194467
2023-12-31,330123,150905,64961,215866
2024-01-31,330123,137271,73214,210485
2024-02-29,330123,148573,85870,234443
2024-03-31,330123,152875,97928,250803
2024-04-30,330123,134087,99521,233608
2024-05-31,330123,128393,103933,232326
2023-06-30,330122,29445,8758,38203
2023-07-31,330122,26266,9158,35424
2023-08-31,330122,27016,8314,35330
2023-09-30,330122,27622,8746,36368
2023-10-31,330122,24818,11035,35853
2023-11-30,330122,31666,10335,42001
2023-12-31,330122,30447,11877,42324
2024-01-31,330122,26846,10410,37256
2024-02-29,330122,33243,13185,46428
2024-03-31,330122,29273,11987,41260
2024-04-30,330122,30269,12851,43120
2024-05-31,330122,29266,12145,41411
2023-06-30,330125,8217,6305,14522
2023-07-31,330125,6944,5466,12410
2023-08-31,330125,7156,4476,11632
2023-09-30,330125,10027,3975,14002
2023-10-31,330125,7627,4912,12539
2023-11-30,330125,7939,4835,12774
2023-12-31,330125,9918,5582,15500
2024-01-31,330125,8910,4696,13606
2024-02-29,330125,9155,3953,13108
2024-03-31,330125,7221,4007,11228
2024-04-30,330125,9442,6362,15804
2024-05-31,330125,2824,2206,5030
2023-05-31,326006,2,4,6
2023-06-30,326006,295633,61148,356781
2023-07-31,326006,233534,47962,281496
2023-08-31,326006,239689,55041,294730
2023-09-30,326006,226094,49436,275530
2023-10-31,326006,257697,61276,318973
2023-11-30,326006,265315,56836,322151
2023-12-31,326006,258388,60656,319044
2024-01-31,326006,236510,57686,294196
2024-02-29,326006,250938,62576,313514
2024-03-31,326006,267848,68469,336317
2024-04-30,326006,246835,57095,303930
2024-05-31,326006,260177,62601,322778
2023-05-31,326005,4,3,7
2023-06-30,326005,121399,14208,135607
2023-07-31,326005,99348,11813,111161
2023-08-31,326005,98297,13693,111990
2023-09-30,326005,93420,12759,106179
2023-10-31,326005,108984,15221,124205
2023-11-30,326005,125988,15772,141760
2023-12-31,326005,123993,18114,142107
2024-01-31,326005,118915,13179,132094
2024-02-29,326005,117828,13898,131726
2024-03-31,326005,123631,13618,137249
2024-04-30,326005,123160,12581,135741
2024-05-31,326005,136647,13011,149658
2023-05-31,326009,1,1,2
2023-06-30,326009,224992,39588,264580
2023-07-31,326009,170053,39086,209139
2023-08-31,326009,171146,47225,218371
2023-09-30,326009,159004,37145,196149
2023-10-31,326009,180686,40278,220964
2023-11-30,326009,204486,35869,240355
2023-12-31,326009,203938,38227,242165
2024-01-31,326009,188881,38214,227095
2024-02-29,326009,194163,39914,234077
2024-03-31,326009,196518,41760,238278
2024-04-30,326009,198260,37444,235704
2024-05-31,326009,210260,40232,250492
2023-05-31,326007,136,19,155
2023-06-30,326007,792926,57608,850534
2023-07-31,326007,329930,44458,374388
2023-08-31,326007,417981,54426,472407
2023-09-30,326007,441407,54632,496039
2023-10-31,326007,509491,65180,574671
2023-11-30,326007,480266,58648,538914
2023-12-31,326007,473276,65074,538350
2024-01-31,326007,394598,63957,458555
2024-02-29,326007,406897,66377,473274
2024-03-31,326007,561597,72641,634238
2024-04-30,326007,588758,63090,651848
2024-05-31,326007,744037,68565,812602
2023-06-30,326002,230621,77323,307944
2023-07-31,326002,207931,62246,270177
2023-08-31,326002,211055,69572,280627
2023-09-30,326002,192406,65042,257448
2023-10-31,326002,218999,80648,299647
2023-11-30,326002,239306,79995,319301
2023-12-31,326002,241112,92638,333750
2024-01-31,326002,227521,88803,316324
2024-02-29,326002,241225,88761,329986
2024-03-31,326002,227471,86538,314009
2024-04-30,326002,218793,85250,304043
2024-05-31,326002,237459,89763,327222
2023-05-31,326008,2,2,4
2023-06-30,326008,664389,22446,686835
2023-07-31,326008,495332,19244,514576
2023-08-31,326008,509104,20976,530080
2023-09-30,326008,477494,19599,497093
2023-10-31,326008,538669,24239,562908
2023-11-30,326008,553613,20533,574146
2023-12-31,326008,570981,22662,593643
2024-01-31,326008,551168,22613,573781
2024-02-29,326008,525324,23510,548834
2024-03-31,326008,566376,23727,590103
2024-04-30,326008,567301,22810,590111
2024-05-31,326008,607832,26064,633896
2023-05-31,320130,18,3,21
2023-06-30,320130,267544,106913,374457
2023-07-31,320130,229515,78033,307548
2023-08-31,320130,228489,72171,300660
2023-09-30,320130,190793,69096,259889
2023-10-31,320130,226186,81811,307997
2023-11-30,320130,255618,79921,335539
2023-12-31,320130,262196,90256,352452
2024-01-31,320130,219089,80920,300009
2024-02-29,320130,251058,89778,340836
2024-03-31,320130,241719,104623,346342
2024-04-30,320130,252433,100378,352811
2024-05-31,320130,221481,101031,322512
2023-05-31,320135,1,7,8
2023-06-30,320135,107463,34863,142326
2023-07-31,320135,94365,31241,125606
2023-08-31,320135,89214,28891,118105
2023-09-30,320135,82894,28372,111266
2023-10-31,320135,97386,43107,140493
2023-11-30,320135,105186,41690,146876
2023-12-31,320135,100808,40870,141678
2024-01-31,320135,90708,39466,130174
2024-02-29,320135,101364,41893,143257
2024-03-31,320135,102501,44209,146710
2024-04-30,320135,100008,43843,143851
2024-05-31,320135,103526,43888,147414
2023-05-31,320132,9,10,19
2023-06-30,320132,51797,72006,123803
2023-07-31,320132,46411,67948,114359
2023-08-31,320132,43200,62047,105247
2023-09-30,320132,36053,52614,88667
2023-10-31,320132,47428,60302,107730
2023-11-30,320132,49860,55171,105031
2023-12-31,320132,53583,59498,113081
2024-01-31,320132,40382,61817,102199
2024-02-29,320132,45703,69084,114787
2024-03-31,320132,49016,78612,127628
2024-04-30,320132,53558,67800,121358
2024-05-31,320132,50471,67104,117575
2023-05-31,320133,1,1,2
2023-06-30,320133,117024,15769,132793
2023-07-31,320133,102617,14770,117387
2023-08-31,320133,103054,14826,117880
2023-09-30,320133,94072,13823,107895
2023-10-31,320133,110189,18983,129172
2023-11-30,320133,117674,17316,134990
2023-12-31,320133,128791,19126,147917
2024-01-31,320133,110426,16153,126579
2024-02-29,320133,126692,17421,144113
2024-03-31,320133,125098,16288,141386
2024-04-30,320133,126361,15909,142270
2024-05-31,320133,115734,16236,131970
2023-05-31,320116,1,7,8
2023-06-30,320116,47243,87153,134396
2023-07-31,320116,39127,57001,96128
2023-08-31,320116,38076,56079,94155
2023-09-30,320116,35058,48863,83921
2023-10-31,320116,43690,82475,126165
2023-11-30,320116,43872,67835,111707
2023-12-31,320116,47233,77407,124640
2024-01-31,320116,40770,64813,105583
2024-02-29,320116,47824,81574,129398
2024-03-31,320116,44537,95990,140527
2024-04-30,320116,47706,96261,143967
2024-05-31,320116,39302,103148,142450
2023-05-31,320134,257,44,301
2023-06-30,320134,53080,12918,65998
2023-07-31,320134,39599,8618,48217
2023-08-31,320134,38788,8575,47363
2023-09-30,320134,34674,9275,43949
2023-10-31,320134,40979,11035,52014
2023-11-30,320134,51992,10941,62933
2023-12-31,320134,50393,14108,64501
2024-01-31,320134,40039,10582,50621
2024-02-29,320134,50764,14493,65257
2024-03-31,320134,49157,15671,64828
2024-04-30,320134,55462,14270,69732
2024-05-31,320134,50552,14790,65342
2023-05-31,320131,1,0,1
2023-06-30,320131,95069,63441,158510
2023-07-31,320131,82431,70455,152886
2023-08-31,320131,86339,74011,160350
2023-09-30,320131,79779,63353,143132
2023-10-31,320131,91460,75818,167278
2023-11-30,320131,114812,73931,188743
2023-12-31,320131,112560,82060,194620
2024-01-31,320131,91557,71122,162679
2024-02-29,320131,121599,78851,200450
2024-03-31,320131,121224,84093,205317
2024-04-30,320131,116623,78036,194659
2024-05-31,320131,99416,86418,185834
2023-05-31,336026,2,0,2
2023-06-30,336026,167196,30638,197834
2023-07-31,336026,176085,30901,206986
2023-08-31,336026,208137,36684,244821
2023-09-30,336026,193063,25830,218893
2023-10-31,336026,191995,33505,225500
2023-11-30,336026,239384,34350,273734
2023-12-31,336026,238013,37293,275306
2024-01-31,336026,226994,37047,264041
2024-02-29,336026,217226,36058,253284
2024-03-31,336026,263279,37965,301244
2024-04-30,336026,217426,36631,254057
2024-05-31,336026,264508,36896,301404
2023-05-31,336025,14,8,22
2023-06-30,336025,154005,68762,222767
2023-07-31,336025,145284,61407,206691
2023-08-31,336025,165537,63925,229462
2023-09-30,336025,161793,54824,216617
2023-10-31,336025,177874,67218,245092
2023-11-30,336025,254152,58498,312650
2023-12-31,336025,218244,73700,291944
2024-01-31,336025,206931,74341,281272
2024-02-29,336025,217551,78327,295878
2024-03-31,336025,211079,76616,287695
2024-04-30,336025,188124,68834,256958
2024-05-31,336025,211729,74049,285778
2023-05-31,340001,1403,293,1696
2023-06-30,340001,610316,132334,742650
2023-07-31,340001,590244,135346,725590
2023-08-31,340001,633931,140822,774753
2023-09-30,340001,533419,128319,661738
2023-10-31,340001,564114,144612,708726
2023-11-30,340001,630817,124725,755542
2023-12-31,340001,680194,173886,854080
2024-01-31,340001,638111,162506,800617
2024-02-29,340001,608365,160006,768371
2024-03-31,340001,631664,163234,794898
2024-04-30,340001,625675,147274,772949
2024-05-31,340001,684413,158674,843087
2023-05-31,336024,231,113,344
2023-06-30,336024,10207,3386,13593
2023-07-31,336024,10598,2887,13485
2023-08-31,336024,10921,2310,13231
2023-09-30,336024,9508,1569,11077
2023-10-31,336024,12733,2872,15605
2023-11-30,336024,14740,2107,16847
2023-12-31,336024,12533,3786,16319
2024-01-31,336024,11176,3292,14468
2024-02-29,336024,12025,5024,17049
2024-03-31,336024,11640,4426,16066
2024-04-30,336024,11716,2768,14484
2024-05-31,336024,11238,3646,14884
2023-05-31,340002,7,1,8
2023-06-30,340002,299101,132154,431255
2023-07-31,340002,256841,123319,380160
2023-08-31,340002,283490,113480,396970
2023-09-30,340002,221721,94284,316005
2023-10-31,340002,230450,96819,327269
2023-11-30,340002,346502,101106,447608
2023-12-31,340002,354806,125182,479988
2024-01-31,340002,305139,118930,424069
2024-02-29,340002,287500,113767,401267
2024-03-31,340002,279868,117896,397764
2024-04-30,340002,299351,101521,400872
2024-05-31,340002,356456,102034,458490
2023-05-31,340003,6,5,11
2023-06-30,340003,141209,132530,273739
2023-07-31,340003,126857,128856,255713
2023-08-31,340003,133356,117136,250492
2023-09-30,340003,103672,95481,199153
2023-10-31,340003,121209,93167,214376
2023-11-30,340003,151406,91592,242998
2023-12-31,340003,154164,114063,268227
2024-01-31,340003,134076,103235,237311
2024-02-29,340003,126295,97553,223848
2024-03-31,340003,126985,98443,225428
2024-04-30,340003,159565,86601,246166
2024-05-31,340003,178791,88793,267584
2023-05-31,340004,0,3,3
2023-06-30,340004,117242,135123,252365
2023-07-31,340004,106851,131547,238398
2023-08-31,340004,110209,120811,231020
2023-09-30,340004,82861,98411,181272
2023-10-31,340004,97813,104718,202531
2023-11-30,340004,125987,95246,221233
2023-12-31,340004,128285,118477,246762
2024-01-31,340004,112073,108938,221011
2024-02-29,340004,106236,103485,209721
2024-03-31,340004,109832,104978,214810
2024-04-30,340004,120588,91392,211980
2024-05-31,340004,137186,92612,229798
2023-05-31,330111,30,17,47
2023-06-30,330111,87622,85612,173234
2023-07-31,330111,79711,80586,160297
2023-08-31,330111,80347,72633,152980
2023-09-30,330111,79114,66796,145910
2023-10-31,330111,85950,79969,165919
2023-11-30,330111,94222,66941,161163
2023-12-31,330111,91418,75985,167403
2024-01-31,330111,85737,70154,155891
2024-02-29,330111,93662,70138,163800
2024-03-31,330111,92321,66872,159193
2024-04-30,330111,96043,60987,157030
2024-05-31,330111,96085,65260,161345
2023-05-31,330106,1,0,1
2023-06-30,330106,90291,64717,155008
2023-07-31,330106,87158,65560,152718
2023-08-31,330106,89372,74677,164049
2023-09-30,330106,81255,72376,153631
2023-10-31,330106,87011,89862,176873
2023-11-30,330106,104561,76700,181261
2023-12-31,330106,100709,93136,193845
2024-01-31,330106,96001,93892,189893
2024-02-29,330106,99863,108953,208816
2024-03-31,330106,99088,99374,198462
2024-04-30,330106,100692,83756,184448
2024-05-31,330106,103468,80005,183473
2023-06-30,330108,70101,99240,169341
2023-07-31,330108,70600,105269,175869
2023-08-31,330108,72107,107219,179326
2023-09-30,330108,71896,96078,167974
2023-10-31,330108,71064,116558,187622
2023-11-30,330108,84736,98793,183529
2023-12-31,330108,92728,115574,208302
2024-01-31,330108,83036,113227,196263
2024-02-29,330108,86214,122098,208312
2024-03-31,330108,88148,126990,215138
2024-04-30,330108,84787,113229,198016
2024-05-31,330108,84385,118548,202933
2023-06-30,330110,193342,81871,275213
2023-07-31,330110,183747,79135,262882
2023-08-31,330110,188447,83708,272155
2023-09-30,330110,166091,76142,242233
2023-10-31,330110,182388,97643,280031
2023-11-30,330110,186251,79976,266227
2023-12-31,330110,211962,94926,306888
2024-01-31,330110,196272,86838,283110
2024-02-29,330110,206629,99513,306142
2024-03-31,330110,214595,117797,332392
2024-04-30,330110,204300,101735,306035
2024-05-31,330110,217932,105479,323411
2023-05-31,330107,31,7,38
2023-06-30,330107,69589,22560,92149
2023-07-31,330107,61369,20268,81637
2023-08-31,330107,58268,20202,78470
2023-09-30,330107,55840,19253,75093
2023-10-31,330107,60785,24446,85231
2023-11-30,330107,62276,22020,84296
2023-12-31,330107,69864,26703,96567
2024-01-31,330107,65672,25043,90715
2024-02-29,330107,71176,27205,98381
2024-03-31,330107,66433,28375,94808
2024-04-30,330107,73478,24313,97791
2024-05-31,330107,75214,27032,102246
2023-05-31,330109,5,15,20
2023-06-30,330109,98943,131793,230736
2023-07-31,330109,101227,133292,234519
2023-08-31,330109,100769,135434,236203
2023-09-30,330109,93961,119179,213140
2023-10-31,330109,95399,144556,239955
2023-11-30,330109,112329,124759,237088
2023-12-31,330109,125901,146839,272740
2024-01-31,330109,113921,140167,254088
2024-02-29,330109,115610,151083,266693
2024-03-31,330109,118268,159182,277450
2024-04-30,330109,113285,146349,259634
2024-05-31,330109,119680,150920,270600
2023-06-30,330105,47680,15471,63151
2023-07-31,330105,43295,14090,57385
2023-08-31,330105,45512,14410,59922
2023-09-30,330105,39721,12681,52402
2023-10-31,330105,43540,16011,59551
2023-11-30,330105,52995,13471,66466
2023-12-31,330105,54064,15008,69072
2024-01-31,330105,51588,13820,65408
2024-02-29,330105,52294,16239,68533
2024-03-31,330105,48888,18306,67194
2024-04-30,330105,50519,16835,67354
2024-05-31,330105,50475,15480,65955
2023-05-31,330091,2,6,8
2023-06-30,330091,8736,6357,15093
2023-07-31,330091,8442,6969,15411
2023-08-31,330091,9700,8282,17982
2023-09-30,330091,11554,5683,17237
2023-10-31,330091,8246,8202,16448
2023-11-30,330091,7401,5537,12938
2023-12-31,330091,8235,7210,15445
2024-01-31,330091,7729,7004,14733
2024-02-29,330091,9772,7359,17131
2024-03-31,330091,9116,7993,17109
2024-04-30,330091,9542,7046,16588
2024-05-31,330091,9367,8281,17648
2023-05-31,330092,0,1,1
2023-06-30,330092,62452,17139,79591
2023-07-31,330092,53098,13911,67009
2023-08-31,330092,57177,16102,73279
2023-09-30,330092,54918,16066,70984
2023-10-31,330092,62600,20469,83069
2023-11-30,330092,66715,17472,84187
2023-12-31,330092,71459,20214,91673
2024-01-31,330092,67439,19002,86441
2024-02-29,330092,67931,20299,88230
2024-03-31,330092,58412,17757,76169
2024-04-30,330092,61348,16007,77355
2024-05-31,330092,61419,14760,76179
2023-06-30,330090,5985,4165,10150
2023-07-31,330090,5254,3734,8988
2023-08-31,330090,4981,3562,8543
2023-09-30,330090,5659,2994,8653
2023-10-31,330090,4978,4346,9324
2023-11-30,330090,5586,4078,9664
2023-12-31,330090,5433,5234,10667
2024-01-31,330090,5063,4841,9904
2024-02-29,330090,5687,5295,10982
2024-03-31,330090,4922,5234,10156
2024-04-30,330090,8099,4894,12993
2024-05-31,330090,5910,6603,12513
2023-06-30,330094,4992,2284,7276
2023-07-31,330094,6041,2668,8709
2023-08-31,330094,8354,2847,11201
2023-09-30,330094,9827,3048,12875
2023-10-31,330094,10943,3115,14058
2023-11-30,330094,16217,2980,19197
2023-12-31,330094,22639,3663,26302
2024-01-31,330094,16125,4260,20385
2024-02-29,330094,12227,3497,15724
2024-03-31,330094,9871,2757,12628
2024-04-30,330094,7299,2656,9955
2024-05-31,330094,6016,2852,8868
2023-06-30,330096,86556,63086,149642
2023-07-31,330096,86754,57488,144242
2023-08-31,330096,85215,57083,142298
2023-09-30,330096,69523,46439,115962
2023-10-31,330096,72097,56244,128341
2023-11-30,330096,79901,48593,128494
2023-12-31,330096,89540,58422,147962
2024-01-31,330096,84807,54004,138811
2024-02-29,330096,82927,54934,137861
2024-03-31,330096,86192,59705,145897
2024-04-30,330096,89163,57749,146912
2024-05-31,330096,92435,59901,152336
2023-05-31,330095,3,3,6
2023-06-30,330095,72768,56121,128889
2023-07-31,330095,73514,50756,124270
2023-08-31,330095,74104,52415,126519
2023-09-30,330095,63263,43290,106553
2023-10-31,330095,67693,54408,122101
2023-11-30,330095,73630,46980,120610
2023-12-31,330095,83185,55145,138330
2024-01-31,330095,76429,52596,129025
2024-02-29,330095,75240,52293,127533
2024-03-31,330095,73291,56195,129486
2024-04-30,330095,78773,53100,131873
2024-05-31,330095,81971,56156,138127
2023-05-31,330093,1,2,3
2023-06-30,330093,52332,20804,73136
2023-07-31,330093,55696,20358,76054
2023-08-31,330093,53145,19466,72611
2023-09-30,330093,45853,15941,61794
2023-10-31,330093,58192,17845,76037
2023-11-30,330093,47136,16751,63887
2023-12-31,330093,52884,18844,71728
2024-01-31,330093,50357,16817,67174
2024-02-29,330093,51501,17668,69169
2024-03-31,330093,50199,19763,69962
2024-04-30,330093,57103,19463,76566
2024-05-31,330093,54749,18839,73588
2023-05-31,340031,3,4,7
2023-06-30,340031,174766,67595,242361
2023-07-31,340031,156562,64510,221072
2023-08-31,340031,168862,64012,232874
2023-09-30,340031,145905,55617,201522
2023-10-31,340031,159565,67799,227364
2023-11-30,340031,180388,61032,241420
2023-12-31,340031,191971,70335,262306
2024-01-31,340031,163775,67546,231321
2024-02-29,340031,161047,71463,232510
2024-03-31,340031,160004,74115,234119
2024-04-30,340031,168244,67555,235799
2024-05-31,340031,179288,67253,246541
2023-05-31,330127,15,6,21
2023-06-30,330127,55207,26186,81393
2023-07-31,330127,51776,27043,78819
2023-08-31,330127,51106,30324,81430
2023-09-30,330127,47573,23595,71168
2023-10-31,330127,52091,26433,78524
2023-11-30,330127,71089,20937,92026
2023-12-31,330127,54369,25445,79814
2024-01-31,330127,45246,23907,69153
2024-02-29,330127,51082,30961,82043
2024-03-31,330127,50085,37571,87656
2024-04-30,330127,56787,39185,95972
2024-05-31,330127,55590,40601,96191
2023-05-31,330081,1,0,1
2023-06-30,330081,95224,36298,131522
2023-07-31,330081,84951,35240,120191
2023-08-31,330081,78250,35523,113773
2023-09-30,330081,73728,32978,106706
2023-10-31,330081,65430,39167,104597
2023-11-30,330081,63281,31993,95274
2023-12-31,330081,85527,39724,125251
2024-01-31,330081,72069,36340,108409
2024-02-29,330081,66970,40129,107099
2024-03-31,330081,87145,43780,130925
2024-04-30,330081,72123,41971,114094
2024-05-31,330081,79611,42987,122598
2023-05-31,340006,0,2,2
2023-06-30,340006,194110,127603,321713
2023-07-31,340006,182814,126947,309761
2023-08-31,340006,192594,112982,305576
2023-09-30,340006,160535,93831,254366
2023-10-31,340006,174612,105376,279988
2023-11-30,340006,212939,95607,308546
2023-12-31,340006,220297,107283,327580
2024-01-31,340006,201641,102074,303715
2024-02-29,340006,198125,98293,296418
2024-03-31,340006,198044,91132,289176
2024-04-30,340006,210103,78981,289084
2024-05-31,340006,230415,77239,307654
2023-05-31,330082,6,11,17
2023-06-30,330082,55343,25388,80731
2023-07-31,330082,51887,18719,70606
2023-08-31,330082,54836,19472,74308
2023-09-30,330082,46507,15014,61521
2023-10-31,330082,50502,20161,70663
2023-11-30,330082,55269,16898,72167
2023-12-31,330082,57098,22911,80009
2024-01-31,330082,55954,22305,78259
2024-02-29,330082,57606,25197,82803
2024-03-31,330082,57264,23441,80705
2024-04-30,330082,58231,22300,80531
2024-05-31,330082,56875,25049,81924
2023-05-31,330060,3,0,3
2023-06-30,330060,108799,31656,140455
2023-07-31,330060,100593,32881,133474
2023-08-31,330060,102457,36583,139040
2023-09-30,330060,97659,31265,128924
2023-10-31,330060,109477,37599,147076
2023-11-30,330060,120974,33783,154757
2023-12-31,330060,124227,38349,162576
2024-01-31,330060,110298,34039,144337
2024-02-29,330060,121016,39434,160450
2024-03-31,330060,116028,38271,154299
2024-04-30,330060,111444,39032,150476
2024-05-31,330060,109274,39569,148843
2023-06-30,330019,70939,51188,122127
2023-07-31,330019,70588,47265,117853
2023-08-31,330019,71538,40427,111965
2023-09-30,330019,93394,37835,131229
2023-10-31,330019,71142,44136,115278
2023-11-30,330019,76873,37063,113936
2023-12-31,330019,89175,41822,130997
2024-01-31,330019,81843,35003,116846
2024-02-29,330019,79394,40585,119979
2024-03-31,330019,75025,37308,112333
2024-04-30,330019,79121,37047,116168
2024-05-31,330019,79039,36853,115892
2023-05-31,330018,3,1,4
2023-06-30,330018,51696,75184,126880
2023-07-31,330018,45891,71784,117675
2023-08-31,330018,45412,72202,117614
2023-09-30,330018,46066,66132,112198
2023-10-31,330018,49356,77451,126807
2023-11-30,330018,47543,65162,112705
2023-12-31,330018,48007,74771,122778
2024-01-31,330018,44858,62802,107660
2024-02-29,330018,50816,60766,111582
2024-03-31,330018,50463,59270,109733
2024-04-30,330018,52049,51389,103438
2024-05-31,330018,49876,46629,96505
2023-05-31,330112,3,2,5
2023-06-30,330112,62288,82270,144558
2023-07-31,330112,57580,77924,135504
2023-08-31,330112,58685,69612,128297
2023-09-30,330112,60455,66006,126461
2023-10-31,330112,60000,80204,140204
2023-11-30,330112,64465,68766,133231
2023-12-31,330112,64102,80454,144556
2024-01-31,330112,59025,76547,135572
2024-02-29,330112,64064,77093,141157
2024-03-31,330112,61591,74550,136141
2024-04-30,330112,60653,68169,128822
2024-05-31,330112,60995,70725,131720
2023-05-31,336017,19,9,28
2023-06-30,336017,146928,52963,199891
2023-07-31,336017,146339,53294,199633
2023-08-31,336017,154027,54634,208661
2023-09-30,336017,138981,47190,186171
2023-10-31,336017,146706,58414,205120
2023-11-30,336017,169946,51222,221168
2023-12-31,336017,170091,61888,231979
2024-01-31,336017,161051,58788,219839
2024-02-29,336017,156223,63549,219772
2024-03-31,336017,169797,66782,236579
2024-04-30,336017,162401,62077,224478
2024-05-31,336017,177475,66012,243487
2023-05-31,330128,0,3,3
2023-06-30,330128,57214,41445,98659
2023-07-31,330128,53010,40590,93600
2023-08-31,330128,56232,44285,100517
2023-09-30,330128,47814,41100,88914
2023-10-31,330128,46377,48245,94622
2023-11-30,330128,55711,41269,96980
2023-12-31,330128,70691,47703,118394
2024-01-31,330128,61937,46822,108759
2024-02-29,330128,59490,53401,112891
2024-03-31,330128,62138,62913,125051
2024-04-30,330128,55634,53014,108648
2024-05-31,330128,58361,55519,113880
2023-06-30,330113,51114,50049,101163
2023-07-31,330113,48910,47282,96192
2023-08-31,330113,49194,47638,96832
2023-09-30,330113,61955,43074,105029
2023-10-31,330113,78969,53382,132351
2023-11-30,330113,84183,48698,132881
2023-12-31,330113,85214,58200,143414
2024-01-31,330113,80096,50461,130557
2024-02-29,330113,87618,49737,137355
2024-03-31,330113,87579,52271,139850
2024-04-30,330113,82783,47291,130074
2024-05-31,330113,80067,42800,122867
2023-05-31,330098,1,0,1
2023-06-30,330098,28295,4702,32997
2023-07-31,330098,31489,4988,36477
2023-08-31,330098,37912,5127,43039
2023-09-30,330098,43265,4623,47888
2023-10-31,330098,43144,6257,49401
2023-11-30,330098,54281,5337,59618
2023-12-31,330098,69978,6218,76196
2024-01-31,330098,58475,5300,63775
2024-02-29,330098,45353,5238,50591
2024-03-31,330098,38991,5507,44498
2024-04-30,330098,30957,5168,36125
2024-05-31,330098,28649,5918,34567
2023-05-31,330061,2,0,2
2023-06-30,330061,124938,31589,156527
2023-07-31,330061,107160,36224,143384
2023-08-31,330061,107957,39879,147836
2023-09-30,330061,106510,31332,137842
2023-10-31,330061,116786,37038,153824
2023-11-30,330061,127543,33680,161223
2023-12-31,330061,131689,38454,170143
2024-01-31,330061,119606,33752,153358
2024-02-29,330061,131592,39188,170780
2024-03-31,330061,125885,39503,165388
2024-04-30,330061,134988,39207,174195
2024-05-31,330061,132255,41383,173638
2023-05-31,330116,32,20,52
2023-06-30,330116,62821,39882,102703
2023-07-31,330116,63007,40842,103849
2023-08-31,330116,65673,43820,109493
2023-09-30,330116,64220,35666,99886
2023-10-31,330116,66393,46641,113034
2023-11-30,330116,82249,35769,118018
2023-12-31,330116,77697,42371,120068
2024-01-31,330116,74794,41797,116591
2024-02-29,330116,76721,43379,120100
2024-03-31,330116,76508,45227,121735
2024-04-30,330116,77079,38421,115500
2024-05-31,330116,82373,44275,126648
2023-05-31,330117,10,3,13
2023-06-30,330117,49969,39783,89752
2023-07-31,330117,46769,40281,87050
2023-08-31,330117,49758,43224,92982
2023-09-30,330117,53009,35518,88527
2023-10-31,330117,53142,45311,98453
2023-11-30,330117,66407,35215,101622
2023-12-31,330117,64595,41163,105758
2024-01-31,330117,64039,40609,104648
2024-02-29,330117,65290,41992,107282
2024-03-31,330117,65023,43555,108578
2024-04-30,330117,63046,37363,100409
2024-05-31,330117,68940,40489,109429
2023-05-31,340029,8,3,11
2023-06-30,340029,99546,28874,128420
2023-07-31,340029,87815,26760,114575
2023-08-31,340029,99774,27552,127326
2023-09-30,340029,84676,24196,108872
2023-10-31,340029,93449,30157,123606
2023-11-30,340029,106871,28782,135653
2023-12-31,340029,114310,32715,147025
2024-01-31,340029,98007,34165,132172
2024-02-29,340029,99618,37899,137517
2024-03-31,340029,98590,41208,139798
2024-04-30,340029,101482,36275,137757
2024-05-31,340029,112798,32968,145766
2023-06-30,340026,57108,12042,69150
2023-07-31,340026,54348,10444,64792
2023-08-31,340026,61294,10553,71847
2023-09-30,340026,50976,9473,60449
2023-10-31,340026,52766,11402,64168
2023-11-30,340026,64486,10142,74628
2023-12-31,340026,64978,15730,80708
2024-01-31,340026,62117,12387,74504
2024-02-29,340026,56408,12030,68438
2024-03-31,340026,58974,12610,71584
2024-04-30,340026,60190,11140,71330
2024-05-31,340026,65715,11885,77600
2023-05-31,340024,5,5,10
2023-06-30,340024,94001,31100,125101
2023-07-31,340024,85985,27637,113622
2023-08-31,340024,97273,28695,125968
2023-09-30,340024,79037,24713,103750
2023-10-31,340024,93153,31397,124550
2023-11-30,340024,99017,30414,129431
2023-12-31,340024,104370,35339,139709
2024-01-31,340024,93948,36778,130726
2024-02-29,340024,97602,39772,137374
2024-03-31,340024,93156,41308,134464
2024-04-30,340024,93091,35118,128209
2024-05-31,340024,100750,32793,133543
2023-05-31,340025,2,0,2
2023-06-30,340025,84172,12281,96453
2023-07-31,340025,78898,11960,90858
2023-08-31,340025,98229,11577,109806
2023-09-30,340025,69371,10896,80267
2023-10-31,340025,72731,12966,85697
2023-11-30,340025,82163,12281,94444
2023-12-31,340025,87641,14168,101809
2024-01-31,340025,83962,12961,96923
2024-02-29,340025,83812,13211,97023
2024-03-31,340025,90980,14035,105015
2024-04-30,340025,85017,13026,98043
2024-05-31,340025,92003,15107,107110
2023-05-31,340028,8,2,10
2023-06-30,340028,38860,8259,47119
2023-07-31,340028,37557,8295,45852
2023-08-31,340028,40346,8768,49114
2023-09-30,340028,37176,8393,45569
2023-10-31,340028,40755,9685,50440
2023-11-30,340028,58193,9880,68073
2023-12-31,340028,53264,10266,63530
2024-01-31,340028,47915,9769,57684
2024-02-29,340028,48332,10708,59040
2024-03-31,340028,52084,10866,62950
2024-04-30,340028,55877,10130,66007
2024-05-31,340028,62936,9951,72887
2023-06-30,340027,50107,9297,59404
2023-07-31,340027,42915,7004,49919
2023-08-31,340027,48303,7524,55827
2023-09-30,340027,41272,6804,48076
2023-10-31,340027,45790,8362,54152
2023-11-30,340027,60454,7482,67936
2023-12-31,340027,61281,8727,70008
2024-01-31,340027,54493,8685,63178
2024-02-29,340027,50771,9022,59793
2024-03-31,340027,55381,10852,66233
2024-04-30,340027,61195,9910,71105
2024-05-31,340027,66980,9816,76796
2023-06-30,340023,57389,145590,202979
2023-07-31,340023,49455,147499,196954
2023-08-31,340023,50587,155835,206422
2023-09-30,340023,44755,145736,190491
2023-10-31,340023,57656,163022,220678
2023-11-30,340023,54777,143746,198523
2023-12-31,340023,60701,157465,218166
2024-01-31,340023,52652,144444,197096
2024-02-29,340023,52715,154468,207183
2024-03-31,340023,52882,166290,219172
2024-04-30,340023,56068,156210,212278
2024-05-31,340023,63070,169960,233030
2023-06-30,330071,32574,6103,38677
2023-07-31,330071,25121,6019,31140
2023-08-31,330071,24218,6132,30350
2023-09-30,330071,25378,5287,30665
2023-10-31,330071,31496,6504,38000
2023-11-30,330071,28498,5529,34027
2023-12-31,330071,27901,6304,34205
2024-01-31,330071,23691,5553,29244
2024-02-29,330071,29361,6116,35477
2024-03-31,330071,35783,5771,41554
2024-04-30,330071,57980,5994,63974
2024-05-31,330071,36555,6296,42851
2023-05-31,330062,2,0,2
2023-06-30,330062,31484,49808,81292
2023-07-31,330062,26718,41388,68106
2023-08-31,330062,24448,31757,56205
2023-09-30,330062,25123,33347,58470
2023-10-31,330062,27063,38141,65204
2023-11-30,330062,31372,33410,64782
2023-12-31,330062,32486,38300,70786
2024-01-31,330062,29719,35235,64954
2024-02-29,330062,33747,35548,69295
2024-03-31,330062,31972,36730,68702
2024-04-30,330062,33352,34858,68210
2024-05-31,330062,27887,32525,60412
2023-05-31,330073,2,3,5
2023-06-30,330073,90236,133520,223756
2023-07-31,330073,81863,129446,211309
2023-08-31,330073,83735,136632,220367
2023-09-30,330073,74228,120338,194566
2023-10-31,330073,73906,147730,221636
2023-11-30,330073,84935,122001,206936
2023-12-31,330073,94448,139598,234046
2024-01-31,330073,85572,128850,214422
2024-02-29,330073,83888,141603,225491
2024-03-31,330073,86319,155458,241777
2024-04-30,330073,82338,138941,221279
2024-05-31,330073,89801,144384,234185
2023-05-31,330072,37,17,54
2023-06-30,330072,34547,8674,43221
2023-07-31,330072,27676,8078,35754
2023-08-31,330072,27380,8207,35587
2023-09-30,330072,29906,7530,37436
2023-10-31,330072,35923,9485,45408
2023-11-30,330072,36375,7744,44119
2023-12-31,330072,34736,8769,43505
2024-01-31,330072,29978,8655,38633
2024-02-29,330072,35403,9103,44506
2024-03-31,330072,44184,9371,53555
2024-04-30,330072,72892,8786,81678
2024-05-31,330072,46742,9631,56373
2023-05-31,330070,10,12,22
2023-06-30,330070,6614,6459,13073
2023-07-31,330070,4802,5578,10380
2023-08-31,330070,4430,6275,10705
2023-09-30,330070,4064,4331,8395
2023-10-31,330070,4071,5341,9412
2023-11-30,330070,6006,5977,11983
2023-12-31,330070,5669,7214,12883
2024-01-31,330070,5317,6826,12143
2024-02-29,330070,6336,6265,12601
2024-03-31,330070,5270,6276,11546
2024-04-30,330070,6019,6407,12426
2024-05-31,330070,6518,6997,13515
2023-05-31,330069,1,0,1
2023-06-30,330069,13741,8277,22018
2023-07-31,330069,12671,8034,20705
2023-08-31,330069,12222,8670,20892
2023-09-30,330069,13952,6234,20186
2023-10-31,330069,13267,8655,21922
2023-11-30,330069,15113,8348,23461
2023-12-31,330069,15087,10018,25105
2024-01-31,330069,14841,8470,23311
2024-02-29,330069,17215,8899,26114
2024-03-31,330069,16083,8715,24798
2024-04-30,330069,16982,8355,25337
2024-05-31,330069,16050,8888,24938
2023-05-31,330007,0,5,5
2023-06-30,330007,241234,272352,513586
2023-07-31,330007,234983,269305,504288
2023-08-31,330007,237940,274995,512935
2023-09-30,330007,211072,247982,459054
2023-10-31,330007,215262,288348,503610
2023-11-30,330007,241096,244179,485275
2023-12-31,330007,257332,274257,531589
2024-01-31,330007,238622,254338,492960
2024-02-29,330007,236960,271144,508104
2024-03-31,330007,231663,289807,521470
2024-04-30,330007,226001,259084,485085
2024-05-31,330007,237968,275270,513238
2023-05-31,330004,0,1,1
2023-06-30,330004,71164,67866,139030
2023-07-31,330004,55968,62488,118456
2023-08-31,330004,57106,64844,121950
2023-09-30,330004,53431,66656,120087
2023-10-31,330004,65161,80059,145220
2023-11-30,330004,56362,66151,122513
2023-12-31,330004,60756,75824,136580
2024-01-31,330004,49265,69333,118598
2024-02-29,330004,55130,67933,123063
2024-03-31,330004,62414,71314,133728
2024-04-30,330004,66450,65349,131799
2024-05-31,330004,54913,67547,122460
2023-05-31,330017,7,11,18
2023-06-30,330017,54302,75702,130004
2023-07-31,330017,43755,58880,102635
2023-08-31,330017,42162,45739,87901
2023-09-30,330017,43021,49762,92783
2023-10-31,330017,43393,57166,100559
2023-11-30,330017,44463,47121,91584
2023-12-31,330017,42954,53606,96560
2024-01-31,330017,40228,44709,84937
2024-02-29,330017,44647,41647,86294
2024-03-31,330017,43318,40876,84194
2024-04-30,330017,44017,36065,80082
2024-05-31,330017,42061,30901,72962
2023-05-31,330002,1,1,2
2023-06-30,330002,113378,73044,186422
2023-07-31,330002,93245,70133,163378
2023-08-31,330002,98260,74575,172835
2023-09-30,330002,101873,69846,171719
2023-10-31,330002,102925,83639,186564
2023-11-30,330002,102230,74158,176388
2023-12-31,330002,113059,82245,195304
2024-01-31,330002,92553,77950,170503
2024-02-29,330002,95544,76693,172237
2024-03-31,330002,110642,78630,189272
2024-04-30,330002,108827,76683,185510
2024-05-31,330002,100912,75420,176332
2023-06-30,330008,207345,264275,471620
2023-07-31,330008,200611,261747,462358
2023-08-31,330008,204843,267896,472739
2023-09-30,330008,183406,241733,425139
2023-10-31,330008,183724,282905,466629
2023-11-30,330008,209856,236231,446087
2023-12-31,330008,218200,267315,485515
2024-01-31,330008,196695,247869,444564
2024-02-29,330008,199813,266522,466335
2024-03-31,330008,200376,282317,482693
2024-04-30,330008,186441,253001,439442
2024-05-31,330008,207116,269700,476816
2023-05-31,330016,8,8,16
2023-06-30,330016,72069,78614,150683
2023-07-31,330016,62646,62055,124701
2023-08-31,330016,62050,48944,110994
2023-09-30,330016,60470,52625,113095
2023-10-31,330016,59218,59699,118917
2023-11-30,330016,58198,48486,106684
2023-12-31,330016,60273,55100,115373
2024-01-31,330016,58764,45877,104641
2024-02-29,330016,64163,46994,111157
2024-03-31,330016,64092,45883,109975
2024-04-30,330016,67119,44262,111381
2024-05-31,330016,64113,41227,105340
2023-05-31,330003,1,1,2
2023-06-30,330003,106680,76053,182733
2023-07-31,330003,87458,70663,158121
2023-08-31,330003,91761,74330,166091
2023-09-30,330003,88905,70801,159706
2023-10-31,330003,99491,86185,185676
2023-11-30,330003,97337,72383,169720
2023-12-31,330003,104479,82997,187476
2024-01-31,330003,86424,77590,164014
2024-02-29,330003,92887,78420,171307
2024-03-31,330003,106946,80798,187744
2024-04-30,330003,105705,76194,181899
2024-05-31,330003,96093,78467,174560
2023-06-30,330097,79589,75458,155047
2023-07-31,330097,78681,67814,146495
2023-08-31,330097,80083,68535,148618
2023-09-30,330097,67758,55099,122857
2023-10-31,330097,72456,69519,141975
2023-11-30,330097,79283,55498,134781
2023-12-31,330097,88306,67590,155896
2024-01-31,330097,83637,60314,143951
2024-02-29,330097,83387,64026,147413
2024-03-31,330097,83675,67641,151316
2024-04-30,330097,84257,65921,150178
2024-05-31,330097,87235,69641,156876
2023-05-31,330054,44,8,52
2023-06-30,330054,162037,68623,230660
2023-07-31,330054,168936,68926,237862
2023-08-31,330054,183071,71620,254691
2023-09-30,330054,182270,65431,247701
2023-10-31,330054,171195,77928,249123
2023-11-30,330054,193946,64892,258838
2023-12-31,330054,194167,78868,273035
2024-01-31,330054,180014,75499,255513
2024-02-29,330054,180647,77449,258096
2024-03-31,330054,168209,77226,245435
2024-04-30,330054,173528,71125,244653
2024-05-31,330054,181721,71272,252993
2023-05-31,330055,2,5,7
2023-06-30,330055,181640,198489,380129
2023-07-31,330055,180307,189267,369574
2023-08-31,330055,183367,199034,382401
2023-09-30,330055,159470,171176,330646
2023-10-31,330055,164554,196439,360993
2023-11-30,330055,169926,159727,329653
2023-12-31,330055,191808,184564,376372
2024-01-31,330055,184028,175205,359233
2024-02-29,330055,185577,189602,375179
2024-03-31,330055,180390,208868,389258
2024-04-30,330055,174765,185238,360003
2024-05-31,330055,183544,196292,379836
2023-05-31,330053,25,6,31
2023-06-30,330053,185284,76447,261731
2023-07-31,330053,189333,76247,265580
2023-08-31,330053,204101,79381,283482
2023-09-30,330053,202009,71148,273157
2023-10-31,330053,194914,84639,279553
2023-11-30,330053,218565,71157,289722
2023-12-31,330053,218503,85986,304489
2024-01-31,330053,206104,82568,288672
2024-02-29,330053,208990,86006,294996
2024-03-31,330053,195090,84744,279834
2024-04-30,330053,202628,77628,280256
2024-05-31,330053,211790,77717,289507
2023-06-30,330057,49146,38002,87148
2023-07-31,330057,44970,28156,73126
2023-08-31,330057,45478,27040,72518
2023-09-30,330057,42060,24751,66811
2023-10-31,330057,44109,33303,77412
2023-11-30,330057,45042,26519,71561
2023-12-31,330057,48705,31782,80487
2024-01-31,330057,50119,32255,82374
2024-02-29,330057,50924,35234,86158
2024-03-31,330057,47080,39436,86516
2024-04-30,330057,51178,40082,91260
2024-05-31,330057,52281,45884,98165
2023-06-30,330058,33940,25812,59752
2023-07-31,330058,32416,19992,52408
2023-08-31,330058,31913,20183,52096
2023-09-30,330058,30762,18286,49048
2023-10-31,330058,30674,24375,55049
2023-11-30,330058,28498,18429,46927
2023-12-31,330058,31661,22652,54313
2024-01-31,330058,31277,22552,53829
2024-02-29,330058,33941,23608,57549
2024-03-31,330058,32087,24137,56224
2024-04-30,330058,32698,22988,55686
2024-05-31,330058,34903,25723,60626
2023-05-31,330059,11,0,11
2023-06-30,330059,240913,34762,275675
2023-07-31,330059,222032,32361,254393
2023-08-31,330059,224142,33636,257778
2023-09-30,330059,217844,31781,249625
2023-10-31,330059,227734,38575,266309
2023-11-30,330059,248931,32755,281686
2023-12-31,330059,245024,37034,282058
2024-01-31,330059,226234,32906,259140
2024-02-29,330059,247434,37495,284929
2024-03-31,330059,248091,37603,285694
2024-04-30,330059,253357,40101,293458
2024-05-31,330059,254357,40710,295067
2023-05-31,330056,2,0,2
2023-06-30,330056,118217,110308,228525
2023-07-31,330056,127851,109173,237024
2023-08-31,330056,133907,113346,247253
2023-09-30,330056,111925,102883,214808
2023-10-31,330056,95551,116196,211747
2023-11-30,330056,110510,96533,207043
2023-12-31,330056,134727,106934,241661
2024-01-31,330056,124303,105396,229699
2024-02-29,330056,118457,116129,234586
2024-03-31,330056,119969,122482,242451
2024-04-30,330056,110514,106488,217002
2024-05-31,330056,122429,107633,230062
2023-05-31,340047,8,2,10
2023-06-30,340047,143015,30559,173574
2023-07-31,340047,125994,26316,152310
2023-08-31,340047,137479,26814,164293
2023-09-30,340047,112757,23149,135906
2023-10-31,340047,124134,25443,149577
2023-11-30,340047,153872,25824,179696
2023-12-31,340047,169185,29731,198916
2024-01-31,340047,159273,32498,191771
2024-02-29,340047,148704,34565,183269
2024-03-31,340047,150502,37461,187963
2024-04-30,340047,148469,32109,180578
2024-05-31,340047,170991,27937,198928
2023-05-31,320113,12,5,17
2023-06-30,320113,123912,37926,161838
2023-07-31,320113,109473,31962,141435
2023-08-31,320113,112001,33427,145428
2023-09-30,320113,108185,30829,139014
2023-10-31,320113,132787,40561,173348
2023-11-30,320113,140655,39480,180135
2023-12-31,320113,147388,42832,190220
2024-01-31,320113,125590,37772,163362
2024-02-29,320113,129646,37190,166836
2024-03-31,320113,121568,32915,154483
2024-04-30,320113,135326,32935,168261
2024-05-31,320113,124207,34984,159191
2023-05-31,320114,3,0,3
2023-06-30,320114,81223,6263,87486
2023-07-31,320114,73809,5487,79296
2023-08-31,320114,75989,5161,81150
2023-09-30,320114,65860,4529,70389
2023-10-31,320114,68716,5327,74043
2023-11-30,320114,76972,5331,82303
2023-12-31,320114,83862,7664,91526
2024-01-31,320114,74426,6682,81108
2024-02-29,320114,83022,7347,90369
2024-03-31,320114,79544,8011,87555
2024-04-30,320114,80147,7909,88056
2024-05-31,320114,77055,8335,85390
2023-05-31,320110,1,2,3
2023-06-30,320110,54939,13203,68142
2023-07-31,320110,44317,11628,55945
2023-08-31,320110,42009,10935,52944
2023-09-30,320110,37100,9823,46923
2023-10-31,320110,53032,12477,65509
2023-11-30,320110,52517,13074,65591
2023-12-31,320110,53038,14949,67987
2024-01-31,320110,46141,15278,61419
2024-02-29,320110,51805,15079,66884
2024-03-31,320110,49300,14122,63422
2024-04-30,320110,61956,14223,76179
2024-05-31,320110,56260,13433,69693
2023-05-31,320112,8984,871,9855
2023-06-30,320112,752489,48763,801252
2023-07-31,320112,484532,39147,523679
2023-08-31,320112,567937,51114,619051
2023-09-30,320112,550477,47561,598038
2023-10-31,320112,622214,54483,676697
2023-11-30,320112,661014,46675,707689
2023-12-31,320112,636267,54173,690440
2024-01-31,320112,554191,51153,605344
2024-02-29,320112,585696,56776,642472
2024-03-31,320112,669311,60316,729627
2024-04-30,320112,655422,56034,711456
2024-05-31,320112,715628,59720,775348
2023-05-31,320111,19,13,32
2023-06-30,320111,30294,5448,35742
2023-07-31,320111,25391,5967,31358
2023-08-31,320111,23970,6027,29997
2023-09-30,320111,20293,5321,25614
2023-10-31,320111,24253,6396,30649
2023-11-30,320111,30656,6610,37266
2023-12-31,320111,31602,7768,39370
2024-01-31,320111,27019,8204,35223
2024-02-29,320111,30436,6669,37105
2024-03-31,320111,27881,6353,34234
2024-04-30,320111,32289,6862,39151
2024-05-31,320111,32267,6918,39185
2023-05-31,320109,0,2,2
2023-06-30,320109,110862,89174,200036
2023-07-31,320109,94707,87900,182607
2023-08-31,320109,97116,91799,188915
2023-09-30,320109,91286,79732,171018
2023-10-31,320109,105868,96896,202764
2023-11-30,320109,130873,94522,225395
2023-12-31,320109,124017,100865,224882
2024-01-31,320109,105328,89656,194984
2024-02-29,320109,131213,98150,229363
2024-03-31,320109,140928,104980,245908
2024-04-30,320109,134677,99523,234200
2024-05-31,320109,123830,107054,230884
2023-05-31,336010,179,31,210
2023-06-30,336010,119251,36451,155702
2023-07-31,336010,115716,30034,145750
2023-08-31,336010,167072,39199,206271
2023-09-30,336010,179061,35611,214672
2023-10-31,336010,147901,44195,192096
2023-11-30,336010,215125,42062,257187
2023-12-31,336010,188956,44529,233485
2024-01-31,336010,175141,40593,215734
2024-02-29,336010,157021,40286,197307
2024-03-31,336010,176433,43105,219538
2024-04-30,336010,157065,44092,201157
2024-05-31,336010,198416,46165,244581
2023-05-31,336014,7,9,16
2023-06-30,336014,33209,116142,149351
2023-07-31,336014,31997,128825,160822
2023-08-31,336014,31336,127816,159152
2023-09-30,336014,30288,112491,142779
2023-10-31,336014,32163,137431,169594
2023-11-30,336014,42114,116878,158992
2023-12-31,336014,37650,140594,178244
2024-01-31,336014,34487,128876,163363
2024-02-29,336014,37667,137250,174917
2024-03-31,336014,36222,136877,173099
2024-04-30,336014,39587,122361,161948
2024-05-31,336014,43117,131975,175092
2023-05-31,336013,0,10,10
2023-06-30,336013,56245,117363,173608
2023-07-31,336013,60752,132096,192848
2023-08-31,336013,62967,131202,194169
2023-09-30,336013,57053,115015,172068
2023-10-31,336013,59505,139106,198611
2023-11-30,336013,70420,120345,190765
2023-12-31,336013,67479,143213,210692
2024-01-31,336013,64110,131326,195436
2024-02-29,336013,67840,140180,208020
2024-03-31,336013,64860,139509,204369
2024-04-30,336013,69313,124757,194070
2024-05-31,336013,72737,134702,207439
2023-05-31,336015,101,17,118
2023-06-30,336015,158668,36387,195055
2023-07-31,336015,156766,33053,189819
2023-08-31,336015,185046,38415,223461
2023-09-30,336015,181778,29438,211216
2023-10-31,336015,159084,38495,197579
2023-11-30,336015,214529,33551,248080
2023-12-31,336015,190772,35753,226525
2024-01-31,336015,190628,32854,223482
2024-02-29,336015,176860,32168,209028
2024-03-31,336015,191946,33630,225576
2024-04-30,336015,179333,36829,216162
2024-05-31,336015,208394,40948,249342
2023-05-31,336012,537,3223,3760
2023-06-30,336012,45364,194103,239467
2023-07-31,336012,40751,213090,253841
2023-08-31,336012,40341,218095,258436
2023-09-30,336012,40189,185821,226010
2023-10-31,336012,38553,224406,262959
2023-11-30,336012,60050,196018,256068
2023-12-31,336012,46717,236001,282718
2024-01-31,336012,43170,218487,261657
2024-02-29,336012,48601,228219,276820
2024-03-31,336012,47441,232655,280096
2024-04-30,336012,50827,216990,267817
2024-05-31,336012,57485,226829,284314
2023-05-31,336011,0,4,4
2023-06-30,336011,67765,136436,204201
2023-07-31,336011,65847,152528,218375
2023-08-31,336011,65733,151857,217590
2023-09-30,336011,62539,137621,200160
2023-10-31,336011,70410,185004,255414
2023-11-30,336011,88971,146347,235318
2023-12-31,336011,75934,169988,245922
2024-01-31,336011,70218,152711,222929
2024-02-29,336011,78062,162505,240567
2024-03-31,336011,80626,164060,244686
2024-04-30,336011,84563,149104,233667
2024-05-31,336011,87719,158950,246669
2023-05-31,336009,6,0,6
2023-06-30,336009,84378,8421,92799
2023-07-31,336009,81590,7905,89495
2023-08-31,336009,115216,9555,124771
2023-09-30,336009,109590,10924,120514
2023-10-31,336009,89524,16833,106357
2023-11-30,336009,160720,13866,174586
2023-12-31,336009,146236,15925,162161
2024-01-31,336009,126484,16071,142555
2024-02-29,336009,97699,15489,113188
2024-03-31,336009,154420,16570,170990
2024-04-30,336009,118036,17405,135441
2024-05-31,336009,179502,16986,196488
2023-05-31,320095,0,1,1
2023-06-30,320095,134152,29109,163261
2023-07-31,320095,113630,27668,141298
2023-08-31,320095,109857,35726,145583
2023-09-30,320095,101117,35751,136868
2023-10-31,320095,117334,38081,155415
2023-11-30,320095,135445,35643,171088
2023-12-31,320095,133514,39037,172551
2024-01-31,320095,114904,29666,144570
2024-02-29,320095,164314,35052,199366
2024-03-31,320095,145788,45237,191025
2024-04-30,320095,142385,41081,183466
2024-05-31,320095,136009,39815,175824
2023-05-31,320090,3,0,3
2023-06-30,320090,36964,16771,53735
2023-07-31,320090,31502,10655,42157
2023-08-31,320090,29277,10525,39802
2023-09-30,320090,26456,9772,36228
2023-10-31,320090,31060,11701,42761
2023-11-30,320090,40718,14858,55576
2023-12-31,320090,39118,19212,58330
2024-01-31,320090,40021,36727,76748
2024-02-29,320090,34910,20305,55215
2024-03-31,320090,32608,18371,50979
2024-04-30,320090,36035,21648,57683
2024-05-31,320090,33600,15213,48813
2023-06-30,320092,44496,4521,49017
2023-07-31,320092,35320,4987,40307
2023-08-31,320092,34288,4379,38667
2023-09-30,320092,29576,3934,33510
2023-10-31,320092,35016,4856,39872
2023-11-30,320092,40851,5259,46110
2023-12-31,320092,44915,5411,50326
2024-01-31,320092,39089,7101,46190
2024-02-29,320092,42973,4175,47148
2024-03-31,320092,38009,4206,42215
2024-04-30,320092,44250,4670,48920
2024-05-31,320092,40651,4279,44930
2023-05-31,320093,1,1,2
2023-06-30,320093,38530,7270,45800
2023-07-31,320093,31783,5627,37410
2023-08-31,320093,32855,5806,38661
2023-09-30,320093,27171,5745,32916
2023-10-31,320093,32091,7262,39353
2023-11-30,320093,36577,7115,43692
2023-12-31,320093,41470,7929,49399
2024-01-31,320093,32227,6655,38882
2024-02-29,320093,37352,8056,45408
2024-03-31,320093,36487,8691,45178
2024-04-30,320093,36406,8245,44651
2024-05-31,320093,37681,8517,46198
2023-05-31,320091,7,11,18
2023-06-30,320091,50858,17825,68683
2023-07-31,320091,46050,22565,68615
2023-08-31,320091,41674,14333,56007
2023-09-30,320091,37971,13007,50978
2023-10-31,320091,48657,17130,65787
2023-11-30,320091,50345,19800,70145
2023-12-31,320091,42645,21389,64034
2024-01-31,320091,33865,17841,51706
2024-02-29,320091,40946,18755,59701
2024-03-31,320091,49549,21606,71155
2024-04-30,320091,58436,18524,76960
2024-05-31,320091,47006,19627,66633
2023-05-31,320094,0,2,2
2023-06-30,320094,40890,29457,70347
2023-07-31,320094,36064,21361,57425
2023-08-31,320094,35609,21759,57368
2023-09-30,320094,28054,18424,46478
2023-10-31,320094,37208,29444,66652
2023-11-30,320094,40837,26147,66984
2023-12-31,320094,42078,32460,74538
2024-01-31,320094,34715,31794,66509
2024-02-29,320094,41716,28187,69903
2024-03-31,320094,38633,30274,68907
2024-04-30,320094,40914,28221,69135
2024-05-31,320094,40253,28342,68595
2023-05-31,360047,2,0,2
2023-06-30,360047,189202,9852,199054
2023-07-31,360047,187743,9950,197693
2023-08-31,360047,201622,9782,211404
2023-09-30,360047,173014,8575,181589
2023-10-31,360047,194258,8799,203057
2023-11-30,360047,178892,8327,187219
2023-12-31,360047,203116,9480,212596
2024-01-31,360047,209533,9367,218900
2024-02-29,360047,192064,10893,202957
2024-03-31,360047,215598,10002,225600
2024-04-30,360047,196171,8243,204414
2024-05-31,360047,223702,8403,232105
2023-05-31,360044,1,0,1
2023-06-30,360044,110982,35824,146806
2023-07-31,360044,104368,33853,138221
2023-08-31,360044,107326,35260,142586
2023-09-30,360044,95590,33448,129038
2023-10-31,360044,108018,33739,141757
2023-11-30,360044,97719,31127,128846
2023-12-31,360044,96354,31182,127536
2024-01-31,360044,103285,36200,139485
2024-02-29,360044,99817,35051,134868
2024-03-31,360044,104589,40561,145150
2024-04-30,360044,106859,31397,138256
2024-05-31,360044,110485,30805,141290
2023-05-31,360048,65,47,112
2023-06-30,360048,61820,14917,76737
2023-07-31,360048,60953,17621,78574
2023-08-31,360048,65956,17461,83417
2023-09-30,360048,59381,14679,74060
2023-10-31,360048,61073,15794,76867
2023-11-30,360048,59069,12058,71127
2023-12-31,360048,71962,15415,87377
2024-01-31,360048,75903,15024,90927
2024-02-29,360048,69262,18672,87934
2024-03-31,360048,69118,23063,92181
2024-04-30,360048,63055,17130,80185
2024-05-31,360048,73994,16678,90672
2023-05-31,360043,58,12,70
2023-06-30,360043,381390,59435,440825
2023-07-31,360043,364138,62416,426554
2023-08-31,360043,366688,65177,431865
2023-09-30,360043,334270,56009,390279
2023-10-31,360043,365621,57467,423088
2023-11-30,360043,328898,49601,378499
2023-12-31,360043,342951,51904,394855
2024-01-31,360043,354087,52247,406334
2024-02-29,360043,314512,55747,370259
2024-03-31,360043,325714,62317,388031
2024-04-30,360043,332513,53043,385556
2024-05-31,360043,406813,55693,462506
2023-05-31,360049,26,2,28
2023-06-30,360049,1126303,201424,1327727
2023-07-31,360049,1106691,209101,1315792
2023-08-31,360049,1169523,210315,1379838
2023-09-30,360049,1046039,184853,1230892
2023-10-31,360049,1094374,198770,1293144
2023-11-30,360049,1059813,171252,1231065
2023-12-31,360049,1085030,180279,1265309
2024-01-31,360049,1232927,176214,1409141
2024-02-29,360049,1091366,199352,1290718
2024-03-31,360049,1102530,208502,1311032
2024-04-30,360049,1103627,183986,1287613
2024-05-31,360049,1278488,192075,1470563
2023-05-31,367007,16,9,25
2023-06-30,367007,482466,190840,673306
2023-07-31,367007,494882,165111,659993
2023-08-31,367007,551138,180620,731758
2023-09-30,367007,470376,159258,629634
2023-10-31,367007,527074,180049,707123
2023-11-30,367007,513257,175118,688375
2023-12-31,367007,620603,193155,813758
2024-01-31,367007,579147,192311,771458
2024-02-29,367007,492772,186161,678933
2024-03-31,367007,522927,193927,716854
2024-04-30,367007,574169,178063,752232
2024-05-31,367007,610841,177007,787848
2023-05-31,352060,3,5,8
2023-06-30,352060,100754,142004,242758
2023-07-31,352060,96557,142833,239390
2023-08-31,352060,106188,142515,248703
2023-09-30,352060,97860,138740,236600
2023-10-31,352060,119029,156800,275829
2023-11-30,352060,111378,146882,258260
2023-12-31,352060,124278,141961,266239
2024-01-31,352060,126570,133500,260070
2024-02-29,352060,112692,141123,253815
2024-03-31,352060,124762,159420,284182
2024-04-30,352060,125155,159019,284174
2024-05-31,352060,133909,164684,298593
2023-05-31,352061,147,64,211
2023-06-30,352061,68546,36808,105354
2023-07-31,352061,65209,33569,98778
2023-08-31,352061,64942,30378,95320
2023-09-30,352061,58960,28376,87336
2023-10-31,352061,71533,36530,108063
2023-11-30,352061,72228,31369,103597
2023-12-31,352061,79569,35220,114789
2024-01-31,352061,78449,32176,110625
2024-02-29,352061,66561,34568,101129
2024-03-31,352061,66322,37022,103344
2024-04-30,352061,59369,31743,91112
2024-05-31,352061,70433,32778,103211
2023-05-31,360033,307,129,436
2023-06-30,360033,619634,199008,818642
2023-07-31,360033,627887,215861,843748
2023-08-31,360033,635380,214363,849743
2023-09-30,360033,567304,188260,755564
2023-10-31,360033,623967,194240,818207
2023-11-30,360033,602527,177491,780018
2023-12-31,360033,609870,177078,786948
2024-01-31,360033,647920,175718,823638
2024-02-29,360033,611103,195239,806342
2024-03-31,360033,598329,204276,802605
2024-04-30,360033,594902,178127,773029
2024-05-31,360033,651167,189092,840259
2023-05-31,360027,3,8,11
2023-06-30,360027,251698,150625,402323
2023-07-31,360027,260522,128983,389505
2023-08-31,360027,291909,139883,431792
2023-09-30,360027,250293,121677,371970
2023-10-31,360027,280299,133769,414068
2023-11-30,360027,263166,127969,391135
2023-12-31,360027,305572,146660,452232
2024-01-31,360027,283493,142633,426126
2024-02-29,360027,243596,132478,376074
2024-03-31,360027,255443,146447,401890
2024-04-30,360027,267167,129492,396659
2024-05-31,360027,302783,134205,436988
2023-05-31,356110,15,1,16
2023-06-30,356110,332555,26421,358976
2023-07-31,356110,321390,24857,346247
2023-08-31,356110,318217,25717,343934
2023-09-30,356110,281440,23515,304955
2023-10-31,356110,388382,24926,413308
2023-11-30,356110,337564,22667,360231
2023-12-31,356110,393869,24720,418589
2024-01-31,356110,351651,23719,375370
2024-02-29,356110,325280,24509,349789
2024-03-31,356110,336772,25003,361775
2024-04-30,356110,358344,21125,379469
2024-05-31,356110,426073,24930,451003
2023-05-31,356104,1,2,3
2023-06-30,356104,128600,149619,278219
2023-07-31,356104,123277,147675,270952
2023-08-31,356104,124996,152122,277118
2023-09-30,356104,115054,129934,244988
2023-10-31,356104,139039,141275,280314
2023-11-30,356104,143131,130712,273843
2023-12-31,356104,164149,153092,317241
2024-01-31,356104,152461,146960,299421
2024-02-29,356104,146900,154302,301202
2024-03-31,356104,147520,164971,312491
2024-04-30,356104,153089,147678,300767
2024-05-31,356104,166500,163785,330285
2023-05-31,352066,1,0,1
2023-06-30,352066,67545,13875,81420
2023-07-31,352066,63223,14852,78075
2023-08-31,352066,72348,13759,86107
2023-09-30,352066,66524,11834,78358
2023-10-31,352066,76480,14317,90797
2023-11-30,352066,75559,16068,91627
2023-12-31,352066,80671,17362,98033
2024-01-31,352066,96265,16261,112526
2024-02-29,352066,78127,18337,96464
2024-03-31,352066,83129,19105,102234
2024-04-30,352066,79670,19943,99613
2024-05-31,352066,83390,19441,102831
2023-05-31,352065,6,2,8
2023-06-30,352065,237320,79826,317146
2023-07-31,352065,223149,74380,297529
2023-08-31,352065,232321,71906,304227
2023-09-30,352065,198990,64010,263000
2023-10-31,352065,220495,74132,294627
2023-11-30,352065,212409,67051,279460
2023-12-31,352065,236670,68768,305438
2024-01-31,352065,235251,62924,298175
2024-02-29,352065,213832,69708,283540
2024-03-31,352065,227365,74548,301913
2024-04-30,352065,227633,66442,294075
2024-05-31,352065,259107,70918,330025
2023-05-31,330129,2,1,3
2023-06-30,330129,106395,60180,166575
2023-07-31,330129,102300,61486,163786
2023-08-31,330129,107776,65010,172786
2023-09-30,330129,105115,58802,163917
2023-10-31,330129,107243,71979,179222
2023-11-30,330129,115623,56052,171675
2023-12-31,330129,132101,67549,199650
2024-01-31,330129,122132,65011,187143
2024-02-29,330129,122710,69057,191767
2024-03-31,330129,113012,73410,186422
2024-04-30,330129,118608,62097,180705
2024-05-31,330129,118492,68648,187140
2023-05-31,356006,1,0,1
2023-06-30,356006,72595,18133,90728
2023-07-31,356006,61186,15728,76914
2023-08-31,356006,71487,19890,91377
2023-09-30,356006,67809,16246,84055
2023-10-31,356006,87875,19650,107525
2023-11-30,356006,81559,18413,99972
2023-12-31,356006,103680,20419,124099
2024-01-31,356006,89580,26992,116572
2024-02-29,356006,75380,20187,95567
2024-03-31,356006,79807,21713,101520
2024-04-30,356006,85860,18299,104159
2024-05-31,356006,109440,20424,129864
2023-05-31,352043,21,0,21
2023-06-30,352043,53965,18510,72475
2023-07-31,352043,50876,16840,67716
2023-08-31,352043,50893,16785,67678
2023-09-30,352043,46965,16593,63558
2023-10-31,352043,49630,17252,66882
2023-11-30,352043,47994,15172,63166
2023-12-31,352043,51292,17315,68607
2024-01-31,352043,50166,17461,67627
2024-02-29,352043,50956,16640,67596
2024-03-31,352043,48597,16451,65048
2024-04-30,352043,48643,15916,64559
2024-05-31,352043,51342,17045,68387
2023-06-30,352044,66403,13727,80130
2023-07-31,352044,62787,13377,76164
2023-08-31,352044,64993,13882,78875
2023-09-30,352044,58130,11709,69839
2023-10-31,352044,64301,13622,77923
2023-11-30,352044,64397,12616,77013
2023-12-31,352044,70359,14021,84380
2024-01-31,352044,67760,15615,83375
2024-02-29,352044,67988,14697,82685
2024-03-31,352044,68718,14760,83478
2024-04-30,352044,67721,13154,80875
2024-05-31,352044,69167,14473,83640
2023-06-30,352055,72631,21919,94550
2023-07-31,352055,66921,19617,86538
2023-08-31,352055,67982,19570,87552
2023-09-30,352055,60433,18085,78518
2023-10-31,352055,65950,19486,85436
2023-11-30,352055,63804,18065,81869
2023-12-31,352055,65288,21619,86907
2024-01-31,352055,63688,20757,84445
2024-02-29,352055,64356,20490,84846
2024-03-31,352055,66014,21482,87496
2024-04-30,352055,64929,18368,83297
2024-05-31,352055,67443,20055,87498
2023-06-30,350005,231362,13287,244649
2023-07-31,350005,220600,11749,232349
2023-08-31,350005,230381,13447,243828
2023-09-30,350005,195185,11622,206807
2023-10-31,350005,217785,12747,230532
2023-11-30,350005,215097,14075,229172
2023-12-31,350005,238908,14715,253623
2024-01-31,350005,212525,13227,225752
2024-02-29,350005,200875,13509,214384
2024-03-31,350005,220276,15287,235563
2024-04-30,350005,220884,12658,233542
2024-05-31,350005,231909,13519,245428
2023-05-31,350008,8,9,17
2023-06-30,350008,156685,170482,327167
2023-07-31,350008,142509,168631,311140
2023-08-31,350008,147580,178126,325706
2023-09-30,350008,131781,164477,296258
2023-10-31,350008,151355,186212,337567
2023-11-30,350008,145084,166704,311788
2023-12-31,350008,164703,183585,348288
2024-01-31,350008,151871,165690,317561
2024-02-29,350008,152990,178832,331822
2024-03-31,350008,157376,194949,352325
2024-04-30,350008,161379,183966,345345
2024-05-31,350008,173651,203752,377403
2023-06-30,350004,24929,6660,31589
2023-07-31,350004,21423,5489,26912
2023-08-31,350004,22778,11151,33929
2023-09-30,350004,20342,6513,26855
2023-10-31,350004,23683,7416,31099
2023-11-30,350004,22751,6577,29328
2023-12-31,350004,24776,7355,32131
2024-01-31,350004,24982,8123,33105
2024-02-29,350004,25622,8013,33635
2024-03-31,350004,24877,7073,31950
2024-04-30,350004,25940,5566,31506
2024-05-31,350004,25072,5952,31024
2023-05-31,367006,28,10,38
2023-06-30,367006,174187,12168,186355
2023-07-31,367006,177147,9610,186757
2023-08-31,367006,184085,15455,199540
2023-09-30,367006,150207,10517,160724
2023-10-31,367006,169974,9963,179937
2023-11-30,367006,169544,13503,183047
2023-12-31,367006,206070,11040,217110
2024-01-31,367006,189573,11747,201320
2024-02-29,367006,152561,10579,163140
2024-03-31,367006,154434,8320,162754
2024-04-30,367006,162894,6856,169750
2024-05-31,367006,184229,9898,194127
2023-05-31,352052,0,1,1
2023-06-30,352052,69573,27393,96966
2023-07-31,352052,66114,25835,91949
2023-08-31,352052,70379,27191,97570
2023-09-30,352052,62985,24587,87572
2023-10-31,352052,72900,28753,101653
2023-11-30,352052,71157,26533,97690
2023-12-31,352052,77590,26432,104022
2024-01-31,352052,75974,24073,100047
2024-02-29,352052,69466,30037,99503
2024-03-31,352052,77638,31415,109053
2024-04-30,352052,70973,25623,96596
2024-05-31,352052,77973,25132,103105
2023-05-31,352050,2,1,3
2023-06-30,352050,15612,5160,20772
2023-07-31,352050,14627,5552,20179
2023-08-31,352050,15952,6298,22250
2023-09-30,352050,13921,4020,17941
2023-10-31,352050,16439,4578,21017
2023-11-30,352050,14805,5352,20157
2023-12-31,352050,17282,5860,23142
2024-01-31,352050,16664,5450,22114
2024-02-29,352050,15399,5281,20680
2024-03-31,352050,14867,5137,20004
2024-04-30,352050,15624,5398,21022
2024-05-31,352050,15444,6080,21524
2023-05-31,345079,55,77,132
2023-06-30,345079,293691,109297,402988
2023-07-31,345079,256588,93771,350359
2023-08-31,345079,263258,94230,357488
2023-09-30,345079,226010,82717,308727
2023-10-31,345079,265888,104390,370278
2023-11-30,345079,280139,96985,377124
2023-12-31,345079,316238,119096,435334
2024-01-31,345079,285952,114223,400175
2024-02-29,345079,290842,117682,408524
2024-03-31,345079,286226,118868,405094
2024-04-30,345079,297901,111166,409067
2024-05-31,345079,294765,123961,418726
2023-05-31,345077,6,7,13
2023-06-30,345077,87993,20704,108697
2023-07-31,345077,72678,17846,90524
2023-08-31,345077,74227,17516,91743
2023-09-30,345077,65988,16015,82003
2023-10-31,345077,73835,20108,93943
2023-11-30,345077,73233,18003,91236
2023-12-31,345077,86003,19957,105960
2024-01-31,345077,77088,20836,97924
2024-02-29,345077,85984,22403,108387
2024-03-31,345077,87323,22570,109893
2024-04-30,345077,85242,19859,105101
2024-05-31,345077,78246,21468,99714
2023-05-31,345075,0,3,3
2023-06-30,345075,79663,15703,95366
2023-07-31,345075,62929,15399,78328
2023-08-31,345075,63428,15782,79210
2023-09-30,345075,58534,14508,73042
2023-10-31,345075,65337,18595,83932
2023-11-30,345075,66738,15437,82175
2023-12-31,345075,75997,17456,93453
2024-01-31,345075,65295,16040,81335
2024-02-29,345075,75582,17039,92621
2024-03-31,345075,74211,17884,92095
2024-04-30,345075,76216,15481,91697
2024-05-31,345075,68055,16392,84447
2023-06-30,352031,74485,19534,94019
2023-07-31,352031,66756,16655,83411
2023-08-31,352031,70543,17220,87763
2023-09-30,352031,61346,14359,75705
2023-10-31,352031,74390,17183,91573
2023-11-30,352031,70149,20079,90228
2023-12-31,352031,76330,21131,97461
2024-01-31,352031,80573,21296,101869
2024-02-29,352031,75161,23017,98178
2024-03-31,352031,79094,24794,103888
2024-04-30,352031,78133,22155,100288
2024-05-31,352031,80684,18678,99362
2023-05-31,352030,14,9,23
2023-06-30,352030,204829,140662,345491
2023-07-31,352030,179929,143273,323202
2023-08-31,352030,184840,141455,326295
2023-09-30,352030,168980,135294,304274
2023-10-31,352030,189522,153758,343280
2023-11-30,352030,176129,145510,321639
2023-12-31,352030,197570,148107,345677
2024-01-31,352030,199750,139786,339536
2024-02-29,352030,202726,152519,355245
2024-03-31,352030,213345,167893,381238
2024-04-30,352030,205369,156979,362348
2024-05-31,352030,207556,164381,371937
2023-05-31,352026,24,12,36
2023-06-30,352026,214901,116559,331460
2023-07-31,352026,200849,116852,317701
2023-08-31,352026,221602,128515,350117
2023-09-30,352026,198572,120252,318824
2023-10-31,352026,232980,137008,369988
2023-11-30,352026,208543,122316,330859
2023-12-31,352026,242697,126034,368731
2024-01-31,352026,217973,115804,333777
2024-02-29,352026,203516,129548,333064
2024-03-31,352026,213539,137796,351335
2024-04-30,352026,213680,119294,332974
2024-05-31,352026,226084,126992,353076
2023-05-31,356021,7,3,10
2023-06-30,356021,395433,164255,559688
2023-07-31,356021,360261,157760,518021
2023-08-31,356021,370725,164773,535498
2023-09-30,356021,344324,148259,492583
2023-10-31,356021,381611,167768,549379
2023-11-30,356021,406668,169541,576209
2023-12-31,356021,421176,199631,620807
2024-01-31,356021,358564,178951,537515
2024-02-29,356021,347506,161966,509472
2024-03-31,356021,367570,169992,537562
2024-04-30,356021,380807,151221,532028
2024-05-31,356021,429048,161047,590095
2023-06-30,345091,26844,4978,31822
2023-07-31,345091,24277,4399,28676
2023-08-31,345091,24577,5327,29904
2023-09-30,345091,21481,3883,25364
2023-10-31,345091,22985,5546,28531
2023-11-30,345091,21654,4458,26112
2023-12-31,345091,25455,3790,29245
2024-01-31,345091,24498,2920,27418
2024-02-29,345091,27203,4412,31615
2024-03-31,345091,25089,6297,31386
2024-04-30,345091,30568,6922,37490
2024-05-31,345091,27795,7074,34869
2023-05-31,345090,4,5,9
2023-06-30,345090,50894,32180,83074
2023-07-31,345090,38543,28101,66644
2023-08-31,345090,39818,32219,72037
2023-09-30,345090,35076,28945,64021
2023-10-31,345090,37841,33711,71552
2023-11-30,345090,41327,30150,71477
2023-12-31,345090,52768,37560,90328
2024-01-31,345090,45760,36499,82259
2024-02-29,345090,48998,40533,89531
2024-03-31,345090,51600,45103,96703
2024-04-30,345090,51085,47558,98643
2024-05-31,345090,48222,43568,91790
2023-05-31,345006,15,0,15
2023-06-30,345006,145621,18131,163752
2023-07-31,345006,139709,18167,157876
2023-08-31,345006,146888,19338,166226
2023-09-30,345006,136356,16764,153120
2023-10-31,345006,140451,21248,161699
2023-11-30,345006,156106,17544,173650
2023-12-31,345006,169930,19907,189837
2024-01-31,345006,161737,18540,180277
2024-02-29,345006,157052,19581,176633
2024-03-31,345006,152087,20717,172804
2024-04-30,345006,153579,19911,173490
2024-05-31,345006,161867,21502,183369
2023-05-31,356109,6,0,6
2023-06-30,356109,98416,20440,118856
2023-07-31,356109,97889,19497,117386
2023-08-31,356109,103147,20624,123771
2023-09-30,356109,101546,17542,119088
2023-10-31,356109,116441,21014,137455
2023-11-30,356109,114211,21416,135627
2023-12-31,356109,112379,24241,136620
2024-01-31,356109,106685,21541,128226
2024-02-29,356109,109050,21843,130893
2024-03-31,356109,108953,23090,132043
2024-04-30,356109,112167,19575,131742
2024-05-31,356109,125547,21194,146741
2023-05-31,350101,1,1,2
2023-06-30,350101,49843,18542,68385
2023-07-31,350101,47793,16785,64578
2023-08-31,350101,48110,18225,66335
2023-09-30,350101,46442,17389,63831
2023-10-31,350101,53237,20462,73699
2023-11-30,350101,52371,23295,75666
2023-12-31,350101,54724,22330,77054
2024-01-31,350101,51473,18476,69949
2024-02-29,350101,52679,19888,72567
2024-03-31,350101,53985,23013,76998
2024-04-30,350101,55343,21525,76868
2024-05-31,350101,57025,19981,77006
2023-05-31,350042,4,5,9
2023-06-30,350042,163905,41410,205315
2023-07-31,350042,152275,37865,190140
2023-08-31,350042,158745,41249,199994
2023-09-30,350042,144532,34304,178836
2023-10-31,350042,165435,39804,205239
2023-11-30,350042,167200,38941,206141
2023-12-31,350042,181052,44889,225941
2024-01-31,350042,168811,42732,211543
2024-02-29,350042,177056,45355,222411
2024-03-31,350042,182951,53055,236006
2024-04-30,350042,189302,49196,238498
2024-05-31,350042,188982,48051,237033
2023-05-31,355076,2,46,48
2023-06-30,355076,10590,92108,102698
2023-07-31,355076,10766,73467,84233
2023-08-31,355076,10830,119041,129871
2023-09-30,355076,9997,113239,123236
2023-10-31,355076,11544,128240,139784
2023-11-30,355076,11615,120823,132438
2023-12-31,355076,12827,123127,135954
2024-01-31,355076,12570,116119,128689
2024-02-29,355076,13094,119090,132184
2024-03-31,355076,13687,116799,130486
2024-04-30,355076,13788,132331,146119
2024-05-31,355076,15018,156629,171647
2023-05-31,336020,4,4,8
2023-06-30,336020,164637,43084,207721
2023-07-31,336020,168412,39299,207711
2023-08-31,336020,181780,40480,222260
2023-09-30,336020,171698,34748,206446
2023-10-31,336020,181906,41797,223703
2023-11-30,336020,227114,34896,262010
2023-12-31,336020,211838,43725,255563
2024-01-31,336020,205802,44508,250310
2024-02-29,336020,216912,47360,264272
2024-03-31,336020,208996,46454,255450
2024-04-30,336020,199487,42539,242026
2024-05-31,336020,222674,44963,267637
2023-05-31,336019,26,12,38
2023-06-30,336019,348425,86401,434826
2023-07-31,336019,343318,90727,434045
2023-08-31,336019,360227,92763,452990
2023-09-30,336019,344685,83479,428164
2023-10-31,336019,387479,106264,493743
2023-11-30,336019,485074,89312,574386
2023-12-31,336019,465805,106540,572345
2024-01-31,336019,444382,99251,543633
2024-02-29,336019,447209,109843,557052
2024-03-31,336019,446832,115258,562090
2024-04-30,336019,445535,113352,558887
2024-05-31,336019,485565,116755,602320
2023-05-31,336023,85,48,133
2023-06-30,336023,12895,3795,16690
2023-07-31,336023,15036,3278,18314
2023-08-31,336023,14827,2162,16989
2023-09-30,336023,12666,1662,14328
2023-10-31,336023,14800,2649,17449
2023-11-30,336023,15588,3084,18672
2023-12-31,336023,15440,4625,20065
2024-01-31,336023,14931,3518,18449
2024-02-29,336023,15328,4077,19405
2024-03-31,336023,15445,4129,19574
2024-04-30,336023,15149,2932,18081
2024-05-31,336023,14170,3470,17640
2023-05-31,336021,9,2,11
2023-06-30,336021,28165,20314,48479
2023-07-31,336021,25778,19676,45454
2023-08-31,336021,29991,27066,57057
2023-09-30,336021,31675,24431,56106
2023-10-31,336021,28919,26558,55477
2023-11-30,336021,53054,23799,76853
2023-12-31,336021,40938,28187,69125
2024-01-31,336021,38171,24686,62857
2024-02-29,336021,38366,25491,63857
2024-03-31,336021,41027,26361,67388
2024-04-30,336021,38441,24204,62645
2024-05-31,336021,51298,27323,78621
2023-05-31,336018,2,21,23
2023-06-30,336018,43750,266984,310734
2023-07-31,336018,45754,350129,395883
2023-08-31,336018,46848,353936,400784
2023-09-30,336018,43527,294721,338248
2023-10-31,336018,46129,347783,393912
2023-11-30,336018,57923,320032,377955
2023-12-31,336018,59453,369047,428500
2024-01-31,336018,58418,340114,398532
2024-02-29,336018,58305,359359,417664
2024-03-31,336018,59399,355921,415320
2024-04-30,336018,55468,331404,386872
2024-05-31,336018,59378,345572,404950
2023-05-31,336022,11,0,11
2023-06-30,336022,45104,13478,58582
2023-07-31,336022,39654,11184,50838
2023-08-31,336022,57857,13230,71087
2023-09-30,336022,61611,13565,75176
2023-10-31,336022,49813,17298,67111
2023-11-30,336022,78480,18587,97067
2023-12-31,336022,74453,19063,93516
2024-01-31,336022,65212,16826,82038
2024-02-29,336022,54602,16322,70924
2024-03-31,336022,69291,17593,86884
2024-04-30,336022,61363,15797,77160
2024-05-31,336022,78994,14953,93947
2023-05-31,352054,18,3,21
2023-06-30,352054,373305,95279,468584
2023-07-31,352054,383595,98337,481932
2023-08-31,352054,380417,97776,478193
2023-09-30,352054,331234,89729,420963
2023-10-31,352054,364205,98263,462468
2023-11-30,352054,375064,87453,462517
2023-12-31,352054,394101,92708,486809
2024-01-31,352054,379498,84327,463825
2024-02-29,352054,352893,88766,441659
2024-03-31,352054,374146,97524,471670
2024-04-30,352054,362472,90210,452682
2024-05-31,352054,392171,100311,492482
2023-06-30,345050,62089,33118,95207
2023-07-31,345050,49453,29099,78552
2023-08-31,345050,49398,25445,74843
2023-09-30,345050,41461,21810,63271
2023-10-31,345050,47766,22062,69828
2023-11-30,345050,49206,24870,74076
2023-12-31,345050,53843,34375,88218
2024-01-31,345050,51652,32715,84367
2024-02-29,345050,58409,38667,97076
2024-03-31,345050,58832,37266,96098
2024-04-30,345050,58998,30297,89295
2024-05-31,345050,51983,40401,92384
2023-06-30,345044,21936,9823,31759
2023-07-31,345044,18017,9209,27226
2023-08-31,345044,18733,9624,28357
2023-09-30,345044,17721,9512,27233
2023-10-31,345044,20988,12263,33251
2023-11-30,345044,21279,10442,31721
2023-12-31,345044,23365,11103,34468
2024-01-31,345044,22080,10624,32704
2024-02-29,345044,23553,12091,35644
2024-03-31,345044,22484,14325,36809
2024-04-30,345044,25857,11483,37340
2024-05-31,345044,25608,12079,37687
2023-05-31,352023,131,20,151
2023-06-30,352023,222187,76420,298607
2023-07-31,352023,224274,81206,305480
2023-08-31,352023,239899,85300,325199
2023-09-30,352023,206218,75863,282081
2023-10-31,352023,231813,83030,314843
2023-11-30,352023,223483,75728,299211
2023-12-31,352023,231147,76946,308093
2024-01-31,352023,238528,75635,314163
2024-02-29,352023,236422,83666,320088
2024-03-31,352023,240054,87095,327149
2024-04-30,352023,226093,72835,298928
2024-05-31,352023,233479,77280,310759
2023-05-31,345062,2,0,2
2023-06-30,345062,87039,45087,132126
2023-07-31,345062,73794,41307,115101
2023-08-31,345062,71219,44479,115698
2023-09-30,345062,66980,41164,108144
2023-10-31,345062,77335,49531,126866
2023-11-30,345062,75704,43467,119171
2023-12-31,345062,85449,53489,138938
2024-01-31,345062,76776,51471,128247
2024-02-29,345062,76659,54110,130769
2024-03-31,345062,73532,52141,125673
2024-04-30,345062,73679,50257,123936
2024-05-31,345062,79728,53481,133209
2023-05-31,352038,7,3,10
2023-06-30,352038,71130,34363,105493
2023-07-31,352038,66478,31917,98395
2023-08-31,352038,66810,29254,96064
2023-09-30,352038,59898,26792,86690
2023-10-31,352038,72916,34550,107466
2023-11-30,352038,69746,29725,99471
2023-12-31,352038,79921,32770,112691
2024-01-31,352038,80459,29503,109962
2024-02-29,352038,64059,31655,95714
2024-03-31,352038,66635,33819,100454
2024-04-30,352038,64426,29296,93722
2024-05-31,352038,76327,29709,106036
2023-05-31,352037,6,2,8
2023-06-30,352037,67285,40301,107586
2023-07-31,352037,62852,39101,101953
2023-08-31,352037,64657,40042,104699
2023-09-30,352037,58446,36055,94501
2023-10-31,352037,68533,41138,109671
2023-11-30,352037,62370,38022,100392
2023-12-31,352037,66428,36185,102613
2024-01-31,352037,69586,39673,109259
2024-02-29,352037,67742,40524,108266
2024-03-31,352037,67984,42542,110526
2024-04-30,352037,67001,35646,102647
2024-05-31,352037,71530,37081,108611
2023-05-31,352035,2,0,2
2023-06-30,352035,39933,9996,49929
2023-07-31,352035,36334,9077,45411
2023-08-31,352035,38905,10153,49058
2023-09-30,352035,34377,9893,44270
2023-10-31,352035,37125,10542,47667
2023-11-30,352035,34164,9323,43487
2023-12-31,352035,36158,8323,44481
2024-01-31,352035,38245,6917,45162
2024-02-29,352035,34602,7787,42389
2024-03-31,352035,36947,8136,45083
2024-04-30,352035,37703,7986,45689
2024-05-31,352035,41883,8354,50237
2023-05-31,352036,5,2,7
2023-06-30,352036,21383,4225,25608
2023-07-31,352036,18222,4260,22482
2023-08-31,352036,20538,4225,24763
2023-09-30,352036,18134,3719,21853
2023-10-31,352036,19935,4097,24032
2023-11-30,352036,19015,3959,22974
2023-12-31,352036,20711,4129,24840
2024-01-31,352036,22369,4706,27075
2024-02-29,352036,18396,4672,23068
2024-03-31,352036,19842,5517,25359
2024-04-30,352036,20053,4718,24771
2024-05-31,352036,25738,3914,29652
2023-06-30,352033,81732,17077,98809
2023-07-31,352033,81412,19084,100496
2023-08-31,352033,84027,17372,101399
2023-09-30,352033,69923,16518,86441
2023-10-31,352033,86286,17699,103985
2023-11-30,352033,75221,14313,89534
2023-12-31,352033,76562,13213,89775
2024-01-31,352033,73920,13618,87538
2024-02-29,352033,64018,13915,77933
2024-03-31,352033,61418,15487,76905
2024-04-30,352033,56047,12281,68328
2024-05-31,352033,57849,10698,68547
2023-06-30,352034,37392,6318,43710
2023-07-31,352034,34557,6245,40802
2023-08-31,352034,37367,7292,44659
2023-09-30,352034,31817,6442,38259
2023-10-31,352034,35304,6714,42018
2023-11-30,352034,34942,6016,40958
2023-12-31,352034,37893,5527,43420
2024-01-31,352034,37941,5825,43766
2024-02-29,352034,34753,6711,41464
2024-03-31,352034,38495,6788,45283
2024-04-30,352034,39609,5914,45523
2024-05-31,352034,45538,4775,50313
2023-06-30,352032,35021,11152,46173
2023-07-31,352032,32319,10325,42644
2023-08-31,352032,34360,11289,45649
2023-09-30,352032,31278,10740,42018
2023-10-31,352032,35381,12614,47995
2023-11-30,352032,33278,10247,43525
2023-12-31,352032,34485,9638,44123
2024-01-31,352032,36328,8758,45086
2024-02-29,352032,32454,8893,41347
2024-03-31,352032,33514,8885,42399
2024-04-30,352032,34671,8930,43601
2024-05-31,352032,41188,9723,50911
2023-05-31,345081,1,0,1
2023-06-30,345081,117015,54784,171799
2023-07-31,345081,96569,51262,147831
2023-08-31,345081,94692,51443,146135
2023-09-30,345081,85850,46188,132038
2023-10-31,345081,93813,51951,145764
2023-11-30,345081,110314,50818,161132
2023-12-31,345081,129879,58599,188478
2024-01-31,345081,118484,59345,177829
2024-02-29,345081,120635,63804,184439
2024-03-31,345081,120954,70146,191100
2024-04-30,345081,120008,73509,193517
2024-05-31,345081,117989,68025,186014
2023-06-30,345085,2172,6441,8613
2023-07-31,345085,2553,5200,7753
2023-08-31,345085,2837,6022,8859
2023-09-30,345085,1887,4498,6385
2023-10-31,345085,2460,4224,6684
2023-11-30,345085,2279,3838,6117
2023-12-31,345085,2659,4075,6734
2024-01-31,345085,2599,3853,6452
2024-02-29,345085,2852,4461,7313
2024-03-31,345085,2852,5586,8438
2024-04-30,345085,2845,6070,8915
2024-05-31,345085,2624,6178,8802
2023-05-31,345087,0,1,1
2023-06-30,345087,47678,24041,71719
2023-07-31,345087,39839,23231,63070
2023-08-31,345087,39984,22963,62947
2023-09-30,345087,36646,20834,57480
2023-10-31,345087,40128,25553,65681
2023-11-30,345087,40386,21991,62377
2023-12-31,345087,46088,25314,71402
2024-01-31,345087,41441,22170,63611
2024-02-29,345087,46465,25458,71923
2024-03-31,345087,48398,27167,75565
2024-04-30,345087,57646,25160,82806
2024-05-31,345087,47232,26029,73261
2023-05-31,345082,18,5,23
2023-06-30,345082,64900,28801,93701
2023-07-31,345082,55090,26922,82012
2023-08-31,345082,58635,28479,87114
2023-09-30,345082,51602,25795,77397
2023-10-31,345082,52563,35325,87888
2023-11-30,345082,55301,32741,88042
2023-12-31,345082,66227,35909,102136
2024-01-31,345082,58204,32694,90898
2024-02-29,345082,63285,34985,98270
2024-03-31,345082,65604,39320,104924
2024-04-30,345082,64399,34729,99128
2024-05-31,345082,59353,35995,95348
2023-06-30,345086,21794,28192,49986
2023-07-31,345086,21046,27744,48790
2023-08-31,345086,20459,28067,48526
2023-09-30,345086,18965,25091,44056
2023-10-31,345086,23108,33686,56794
2023-11-30,345086,20413,28319,48732
2023-12-31,345086,21140,31238,52378
2024-01-31,345086,19236,27369,46605
2024-02-29,345086,22065,28916,50981
2024-03-31,345086,24904,34669,59573
2024-04-30,345086,25180,30974,56154
2024-05-31,345086,25163,31098,56261
2023-05-31,345084,0,1,1
2023-06-30,345084,2397,4304,6701
2023-07-31,345084,3028,4232,7260
2023-08-31,345084,2798,5089,7887
2023-09-30,345084,1945,3393,5338
2023-10-31,345084,2732,2504,5236
2023-11-30,345084,2228,2274,4502
2023-12-31,345084,2514,2711,5225
2024-01-31,345084,2489,3023,5512
2024-02-29,345084,2854,3370,6224
2024-03-31,345084,3334,4629,7963
2024-04-30,345084,3247,3920,7167
2024-05-31,345084,3046,3738,6784
2023-05-31,345083,1,0,1
2023-06-30,345083,19787,5373,25160
2023-07-31,345083,14043,4585,18628
2023-08-31,345083,13747,4936,18683
2023-09-30,345083,12097,4575,16672
2023-10-31,345083,13580,5975,19555
2023-11-30,345083,13245,5268,18513
2023-12-31,345083,15873,5501,21374
2024-01-31,345083,14598,4911,19509
2024-02-29,345083,16224,5162,21386
2024-03-31,345083,20503,6424,26927
2024-04-30,345083,20276,5906,26182
2024-05-31,345083,17783,6090,23873
2023-05-31,340039,25,39,64
2023-06-30,340039,115231,126684,241915
2023-07-31,340039,108978,127412,236390
2023-08-31,340039,118761,107563,226324
2023-09-30,340039,102158,88135,190293
2023-10-31,340039,107571,96331,203902
2023-11-30,340039,136368,83730,220098
2023-12-31,340039,154291,94070,248361
2024-01-31,340039,140324,83360,223684
2024-02-29,340039,133011,77529,210540
2024-03-31,340039,137781,77090,214871
2024-04-30,340039,140263,62266,202529
2024-05-31,340039,157815,61165,218980
2023-06-30,340041,219,51,270
2023-05-31,340046,3,3,6
2023-06-30,340046,159314,29023,188337
2023-07-31,340046,133328,27509,160837
2023-08-31,340046,148604,28803,177407
2023-09-30,340046,118571,25212,143783
2023-10-31,340046,127838,29310,157148
2023-11-30,340046,173055,27852,200907
2023-12-31,340046,179247,31123,210370
2024-01-31,340046,166694,34840,201534
2024-02-29,340046,157351,37553,194904
2024-03-31,340046,143943,39564,183507
2024-04-30,340046,154790,33202,187992
2024-05-31,340046,181275,30258,211533
2023-05-31,340040,24,17,41
2023-06-30,340040,56096,13902,69998
2023-07-31,340040,51798,12590,64388
2023-08-31,340040,55818,14790,70608
2023-09-30,340040,44856,11823,56679
2023-10-31,340040,47755,13871,61626
2023-11-30,340040,64004,13390,77394
2023-12-31,340040,59649,15058,74707
2024-01-31,340040,56950,14486,71436
2024-02-29,340040,55319,14321,69640
2024-03-31,340040,58788,14283,73071
2024-04-30,340040,57958,12439,70397
2024-05-31,340040,65818,14230,80048
2023-05-31,340050,78,20,98
2023-06-30,340050,100229,29555,129784
2023-07-31,340050,79852,24663,104515
2023-08-31,340050,84341,24764,109105
2023-09-30,340050,68249,19885,88134
2023-10-31,340050,72085,21424,93509
2023-11-30,340050,89536,18527,108063
2023-12-31,340050,99071,22062,121133
2024-01-31,340050,92510,18076,110586
2024-02-29,340050,79440,17352,96792
2024-03-31,340050,79181,17400,96581
2024-04-30,340050,77620,14779,92399
2024-05-31,340050,92657,15373,108030
2023-05-31,340049,1,1,2
2023-06-30,340049,52242,8676,60918
2023-07-31,340049,46836,7257,54093
2023-08-31,340049,51460,7308,58768
2023-09-30,340049,45438,6621,52059
2023-10-31,340049,44879,8417,53296
2023-11-30,340049,58970,8425,67395
2023-12-31,340049,55818,8785,64603
2024-01-31,340049,50021,9255,59276
2024-02-29,340049,48290,9844,58134
2024-03-31,340049,49753,10653,60406
2024-04-30,340049,51664,9866,61530
2024-05-31,340049,43428,7357,50785
2023-06-30,340054,3151,396,3547
2023-07-31,340054,12152,1619,13771
2023-08-31,340054,13756,2038,15794
2023-09-30,340054,12778,1953,14731
2023-10-31,340054,14679,2651,17330
2023-11-30,340054,14756,2423,17179
2023-12-31,340054,17239,3667,20906
2024-01-31,340054,17406,3794,21200
2024-02-29,340054,17764,4771,22535
2024-03-31,340054,12461,3934,16395
2024-04-30,340054,16927,4531,21458
2024-05-31,340054,13512,3217,16729
2023-05-31,340051,248,158,406
2023-06-30,340051,61149,52935,114084
2023-07-31,340051,55442,52669,108111
2023-08-31,340051,57632,49059,106691
2023-09-30,340051,51430,43300,94730
2023-10-31,340051,58434,51814,110248
2023-11-30,340051,71998,49362,121360
2023-12-31,340051,75906,60329,136235
2024-01-31,340051,72675,54941,127616
2024-02-29,340051,74741,60661,135402
2024-03-31,340051,84835,67058,151893
2024-04-30,340051,91921,59551,151472
2024-05-31,340051,102505,66375,168880
2023-05-31,340053,2,0,2
2023-06-30,340053,61111,37049,98160
2023-07-31,340053,57049,30657,87706
2023-08-31,340053,57166,31789,88955
2023-09-30,340053,53466,27936,81402
2023-10-31,340053,58159,38548,96707
2023-11-30,340053,66622,36606,103228
2023-12-31,340053,72760,39587,112347
2024-01-31,340053,69309,39067,108376
2024-02-29,340053,73703,41338,115041
2024-03-31,340053,72782,45314,118096
2024-04-30,340053,78499,38594,117093
2024-05-31,340053,84278,34941,119219
2023-05-31,340052,288,222,510
2023-06-30,340052,113309,130539,243848
2023-07-31,340052,105015,126058,231073
2023-08-31,340052,111993,133159,245152
2023-09-30,340052,95063,113228,208291
2023-10-31,340052,106173,130823,236996
2023-11-30,340052,132657,120085,252742
2023-12-31,340052,129324,142315,271639
2024-01-31,340052,115538,137130,252668
2024-02-29,340052,117173,144347,261520
2024-03-31,340052,117359,150641,268000
2024-04-30,340052,119176,141446,260622
2024-05-31,340052,129630,152623,282253
2023-05-31,340008,3,10,13
2023-06-30,340008,57095,168403,225498
2023-07-31,340008,50302,165339,215641
2023-08-31,340008,49928,165083,215011
2023-09-30,340008,35936,133927,169863
2023-05-31,340010,396,317,713
2023-06-30,340010,117656,116788,234444
2023-07-31,340010,107691,117394,225085
2023-08-31,340010,119535,122356,241891
2023-09-30,340010,102391,103386,205777
2023-10-31,340010,140490,113047,253537
2023-11-30,340010,129964,103623,233587
2023-12-31,340010,139983,114213,254196
2024-01-31,340010,121647,105344,226991
2024-02-29,340010,113089,112344,225433
2024-03-31,340010,112799,120461,233260
2024-04-30,340010,119899,110608,230507
2024-05-31,340010,141169,114260,255429
2023-05-31,340021,615,179,794
2023-06-30,340021,175798,23928,199726
2023-07-31,340021,160271,22563,182834
2023-08-31,340021,178042,23639,201681
2023-09-30,340021,141202,21236,162438
2023-10-31,340021,153791,26034,179825
2023-11-30,340021,170256,24680,194936
2023-12-31,340021,187581,28600,216181
2024-01-31,340021,171051,26589,197640
2024-02-29,340021,168394,27241,195635
2024-03-31,340021,173122,27203,200325
2024-04-30,340021,164931,25774,190705
2024-05-31,340021,178768,29147,207915
2023-05-31,340020,2,2,4
2023-06-30,340020,81992,144401,226393
2023-07-31,340020,68680,145641,214321
2023-08-31,340020,68534,152971,221505
2023-09-30,340020,59133,141712,200845
2023-10-31,340020,68914,155935,224849
2023-11-30,340020,76063,137838,213901
2023-12-31,340020,85811,152220,238031
2024-01-31,340020,82681,141413,224094
2024-02-29,340020,85064,152155,237219
2024-03-31,340020,84160,162838,246998
2024-04-30,340020,84296,153920,238216
2024-05-31,340020,92006,171149,263155
2023-05-31,340019,10318,2317,12635
2023-06-30,340019,499439,122861,622300
2023-07-31,340019,460451,113932,574383
2023-08-31,340019,488600,115074,603674
2023-09-30,340019,427018,103860,530878
2023-10-31,340019,479649,122159,601808
2023-11-30,340019,564682,111336,676018
2023-12-31,340019,559866,143705,703571
2024-01-31,340019,541245,129597,670842
2024-02-29,340019,554517,128400,682917
2024-03-31,340019,574414,132548,706962
2024-04-30,340019,582830,116139,698969
2024-05-31,340019,578784,122861,701645
2023-05-31,340009,441,255,696
2023-06-30,340009,122455,87810,210265
2023-07-31,340009,110254,86034,196288
2023-08-31,340009,118868,91393,210261
2023-09-30,340009,104434,80125,184559
2023-10-31,340009,121253,94766,216019
2023-11-30,340009,141113,86534,227647
2023-12-31,340009,144946,94710,239656
2024-01-31,340009,131427,86219,217646
2024-02-29,340009,125995,92520,218515
2024-03-31,340009,124069,99745,223814
2024-04-30,340009,132764,90017,222781
2024-05-31,340009,146569,93971,240540
2023-06-30,345035,53042,67194,120236
2023-07-31,345035,46265,60360,106625
2023-08-31,345035,44362,56364,100726
2023-09-30,345035,35651,48536,84187
2023-10-31,345035,46796,56624,103420
2023-11-30,345035,49751,52040,101791
2023-12-31,345035,51120,55452,106572
2024-01-31,345035,40133,57560,97693
2024-02-29,345035,46196,64633,110829
2024-03-31,345035,50339,74460,124799
2024-04-30,345035,56686,64309,120995
2024-05-31,345035,52580,63391,115971
2023-05-31,345034,5,0,5
2023-06-30,345034,169407,88594,258001
2023-07-31,345034,135510,80767,216277
2023-08-31,345034,135383,82950,218333
2023-09-30,345034,119561,81754,201315
2023-10-31,345034,149630,95326,244956
2023-11-30,345034,157176,88209,245385
2023-12-31,345034,161660,96373,258033
2024-01-31,345034,137653,94995,232648
2024-02-29,345034,169569,104034,273603
2024-03-31,345034,175810,127596,303406
2024-04-30,345034,191095,117140,308235
2024-05-31,345034,169696,116609,286305
2023-05-31,345033,7,4,11
2023-06-30,345033,32702,19073,51775
2023-07-31,345033,30260,19530,49790
2023-08-31,345033,35335,20809,56144
2023-09-30,345033,29712,19475,49187
2023-10-31,345033,32121,23934,56055
2023-11-30,345033,30548,20371,50919
2023-12-31,345033,33836,24998,58834
2024-01-31,345033,28816,23206,52022
2024-02-29,345033,26834,21523,48357
2024-03-31,345033,37201,30322,67523
2024-04-30,345033,34031,24509,58540
2024-05-31,345033,31033,25044,56077
2023-05-31,345010,248,77,325
2023-06-30,345010,127873,152795,280668
2023-07-31,345010,113451,158252,271703
2023-08-31,345010,120043,168220,288263
2023-09-30,345010,100059,156384,256443
2023-10-31,345010,104038,167894,271932
2023-11-30,345010,118346,134928,253274
2023-12-31,345010,126129,147104,273233
2024-01-31,345010,110444,136988,247432
2024-02-29,345010,121840,154555,276395
2024-03-31,345010,127903,184710,312613
2024-04-30,345010,136296,161113,297409
2024-05-31,345010,133470,155415,288885
2023-05-31,345037,46,50,96
2023-06-30,345037,84717,24356,109073
2023-07-31,345037,67249,2718,69967
2023-08-31,345037,71200,1575,72775
2023-09-30,345037,65308,1287,66595
2023-10-31,345037,74336,2029,76365
2023-11-30,345037,92637,726,93363
2023-12-31,345037,89464,815,90279
2024-01-31,345037,75847,1329,77176
2024-02-29,345037,95587,1630,97217
2024-03-31,345037,90264,1275,91539
2024-04-30,345037,100094,1241,101335
2024-05-31,345037,80263,1302,81565
2023-05-31,345011,355,10,365
2023-06-30,345011,184455,162853,347308
2023-07-31,345011,168063,165629,333692
2023-08-31,345011,173867,173829,347696
2023-09-30,345011,143318,160325,303643
2023-10-31,345011,157376,172395,329771
2023-11-30,345011,168016,139853,307869
2023-12-31,345011,178800,152927,331727
2024-01-31,345011,164061,142803,306864
2024-02-29,345011,181187,160797,341984
2024-03-31,345011,180433,190057,370490
2024-04-30,345011,196287,170082,366369
2024-05-31,345011,186950,164828,351778
2023-05-31,345036,177,13,190
2023-06-30,345036,173888,39285,213173
2023-07-31,345036,150384,31224,181608
2023-08-31,345036,154804,33163,187967
2023-09-30,345036,146610,31812,178422
2023-10-31,345036,167051,36470,203521
2023-11-30,345036,177260,32657,209917
2023-12-31,345036,188044,36322,224366
2024-01-31,345036,180627,33299,213926
2024-02-29,345036,203125,36227,239352
2024-03-31,345036,191451,38886,230337
2024-04-30,345036,207250,36375,243625
2024-05-31,345036,184782,36971,221753
2023-05-31,349010,2168,1323,3491
2023-06-30,349010,368578,264339,632917
2023-07-31,349010,352332,251712,604044
2023-08-31,349010,369787,252675,622462
2023-09-30,349010,330738,222820,553558
2023-10-31,349010,369344,270699,640043
2023-11-30,349010,361342,239101,600443
2023-12-31,349010,410817,275639,686456
2024-01-31,349010,372439,254038,626477
2024-02-29,349010,369320,270387,639707
2024-03-31,349010,355645,281129,636774
2024-04-30,349010,385352,269279,654631
2024-05-31,349010,460971,298086,759057
2023-05-31,349011,1,2,3
2023-06-30,349011,32264,43801,76065
2023-07-31,349011,25825,38779,64604
2023-08-31,349011,27893,43566,71459
2023-09-30,349011,25668,35537,61205
2023-10-31,349011,28932,45264,74196
2023-11-30,349011,27636,36229,63865
2023-12-31,349011,34881,41978,76859
2024-01-31,349011,31742,38632,70374
2024-02-29,349011,32394,39332,71726
2024-03-31,349011,31898,38929,70827
2024-04-30,349011,31710,40834,72544
2024-05-31,349011,32161,47212,79373
2023-05-31,349013,1,1,2
2023-06-30,349013,108950,69970,178920
2023-07-31,349013,98669,47635,146304
2023-08-31,349013,100830,51240,152070
2023-09-30,349013,97746,36469,134215
2023-10-31,349013,105974,57330,163304
2023-11-30,349013,96023,43471,139494
2023-12-31,349013,118913,68442,187355
2024-01-31,349013,111848,70572,182420
2024-02-29,349013,111089,71103,182192
2024-03-31,349013,108910,69743,178653
2024-04-30,349013,107461,65242,172703
2024-05-31,349013,122240,64056,186296
2023-05-31,349009,2,1,3
2023-06-30,349009,77247,60803,138050
2023-07-31,349009,58527,38655,97182
2023-08-31,349009,71838,52444,124282
2023-09-30,349009,70680,51005,121685
2023-10-31,349009,76088,59917,136005
2023-11-30,349009,66603,49791,116394
2023-12-31,349009,80693,57986,138679
2024-01-31,349009,76563,57950,134513
2024-02-29,349009,75703,59637,135340
2024-03-31,349009,76839,55966,132805
2024-04-30,349009,76238,51497,127735
2024-05-31,349009,83683,50347,134030
2023-05-31,349012,97,116,213
2023-06-30,349012,216542,138645,355187
2023-07-31,349012,197700,129640,327340
2023-08-31,349012,202520,122707,325227
2023-09-30,349012,185303,107440,292743
2023-10-31,349012,199874,142226,342100
2023-11-30,349012,192206,123610,315816
2023-12-31,349012,235689,155731,391420
2024-01-31,349012,216551,151011,367562
2024-02-29,349012,217187,148525,365712
2024-03-31,349012,214822,149148,363970
2024-04-30,349012,215104,160727,375831
2024-05-31,349012,225452,165139,390591
2023-05-31,349008,1246,111,1357
2023-06-30,349008,76943,9229,86172
2023-07-31,349008,68137,9571,77708
2023-08-31,349008,68378,10172,78550
2023-09-30,349008,67337,9893,77230
2023-10-31,349008,75236,12293,87529
2023-11-30,349008,70362,10611,80973
2023-12-31,349008,78754,12198,90952
2024-01-31,349008,74086,13263,87349
2024-02-29,349008,79216,12893,92109
2024-03-31,349008,75115,12458,87573
2024-04-30,349008,82125,13546,95671
2024-05-31,349008,79473,13341,92814
2023-05-31,349007,1,3,4
2023-06-30,349007,57353,41681,99034
2023-07-31,349007,50954,39354,90308
2023-08-31,349007,51688,33721,85409
2023-09-30,349007,52173,33644,85817
2023-10-31,349007,55448,37838,93286
2023-11-30,349007,55121,32413,87534
2023-12-31,349007,67810,41131,108941
2024-01-31,349007,62446,40930,103376
2024-02-29,349007,63292,42255,105547
2024-03-31,349007,72059,48986,121045
2024-04-30,349007,67501,48059,115560
2024-05-31,349007,70383,44472,114855
2023-05-31,330102,1,1,2
2023-06-30,330102,77057,48696,125753
2023-07-31,330102,80179,51341,131520
2023-08-31,330102,76518,51826,128344
2023-09-30,330102,68532,43451,111983
2023-10-31,330102,69437,51705,121142
2023-11-30,330102,86764,43130,129894
2023-12-31,330102,84747,52289,137036
2024-01-31,330102,71809,50219,122028
2024-02-29,330102,66898,56776,123674
2024-03-31,330102,67275,53429,120704
2024-04-30,330102,63057,48659,111716
2024-05-31,330102,74900,55120,130020
2023-05-31,330100,2,0,2
2023-06-30,330100,511795,49745,561540
2023-07-31,330100,453529,46857,500386
2023-08-31,330100,461773,47673,509446
2023-09-30,330100,442717,45139,487856
2023-10-31,330100,445608,53010,498618
2023-11-30,330100,468282,45992,514274
2023-12-31,330100,504767,52112,556879
2024-01-31,330100,451031,47744,498775
2024-02-29,330100,479130,50797,529927
2024-03-31,330100,522789,52253,575042
2024-04-30,330100,509185,54822,564007
2024-05-31,330100,507204,56915,564119
2023-05-31,345055,31,6,37
2023-06-30,345055,77148,248092,325240
2023-07-31,345055,69107,243930,313037
2023-08-31,345055,68156,245932,314088
2023-09-30,345055,63448,238222,301670
2023-10-31,345055,68078,273607,341685
2023-11-30,345055,72638,233532,306170
2023-12-31,345055,79035,252465,331500
2024-01-31,345055,66626,232705,299331
2024-02-29,345055,72917,254409,327326
2024-03-31,345055,78494,268558,347052
2024-04-30,345055,73387,249316,322703
2024-05-31,345055,75641,259208,334849
2023-05-31,345057,1,1,2
2023-06-30,345057,91134,24115,115249
2023-07-31,345057,76248,20974,97222
2023-08-31,345057,76272,23201,99473
2023-09-30,345057,72688,21533,94221
2023-10-31,345057,83823,23834,107657
2023-11-30,345057,80747,21607,102354
2023-12-31,345057,94391,25983,120374
2024-01-31,345057,90021,27491,117512
2024-02-29,345057,95367,26118,121485
2024-03-31,345057,92895,29554,122449
2024-04-30,345057,93567,26921,120488
2024-05-31,345057,95886,26470,122356
2023-05-31,345051,4,12,16
2023-06-30,345051,123465,111690,235155
2023-07-31,345051,114172,109165,223337
2023-08-31,345051,117293,115042,232335
2023-09-30,345051,105101,107341,212442
2023-10-31,345051,117444,119741,237185
2023-11-30,345051,127607,98612,226219
2023-12-31,345051,140914,109085,249999
2024-01-31,345051,123186,98830,222016
2024-02-29,345051,129190,112949,242139
2024-03-31,345051,132754,130679,263433
2024-04-30,345051,131004,113744,244748
2024-05-31,345051,127089,110517,237606
2023-05-31,345052,3,5,8
2023-06-30,345052,95598,107451,203049
2023-07-31,345052,86885,106128,193013
2023-08-31,345052,90901,112471,203372
2023-09-30,345052,79934,105209,185143
2023-10-31,345052,88774,116353,205127
2023-11-30,345052,97584,95726,193310
2023-12-31,345052,105141,105099,210240
2024-01-31,345052,92388,94635,187023
2024-02-29,345052,98239,108038,206277
2024-03-31,345052,102115,125131,227246
2024-04-30,345052,100586,109001,209587
2024-05-31,345052,97353,105929,203282
2023-05-31,345054,4,5,9
2023-06-30,345054,20660,20740,41400
2023-07-31,345054,15986,19956,35942
2023-08-31,345054,15578,19638,35216
2023-09-30,345054,16152,17890,34042
2023-10-31,345054,18973,22009,40982
2023-11-30,345054,27547,20201,47748
2023-12-31,345054,24397,25350,49747
2024-01-31,345054,18906,21827,40733
2024-02-29,345054,20790,22679,43469
2024-03-31,345054,22275,25682,47957
2024-04-30,345054,25527,21760,47287
2024-05-31,345054,23409,21939,45348
2023-05-31,345056,1,4,5
2023-06-30,345056,140260,110704,250964
2023-07-31,345056,122376,114333,236709
2023-08-31,345056,124959,118729,243688
2023-09-30,345056,113318,111472,224790
2023-10-31,345056,124917,129509,254426
2023-11-30,345056,127817,111585,239402
2023-12-31,345056,142669,122862,265531
2024-01-31,345056,124099,112201,236300
2024-02-29,345056,133268,121959,255227
2024-03-31,345056,132635,123089,255724
2024-04-30,345056,143208,121479,264687
2024-05-31,345056,139203,134253,273456
2023-05-31,345053,0,1,1
2023-06-30,345053,91141,54565,145706
2023-07-31,345053,74451,49863,124314
2023-08-31,345053,81129,48309,129438
2023-09-30,345053,68193,42717,110910
2023-10-31,345053,72483,53215,125698
2023-11-30,345053,89067,46639,135706
2023-12-31,345053,95598,58012,153610
2024-01-31,345053,88698,55578,144276
2024-02-29,345053,89967,60450,150417
2024-03-31,345053,88160,60564,148724
2024-04-30,345053,93623,56644,150267
2024-05-31,345053,96171,63878,160049
2023-05-31,345089,0,1,1
2023-06-30,345089,60515,97272,157787
2023-07-31,345089,55402,96916,152318
2023-08-31,345089,54637,95804,150441
2023-09-30,345089,47260,83760,131020
2023-10-31,345089,51441,96964,148405
2023-11-30,345089,54750,86600,141350
2023-12-31,345089,61454,101965,163419
2024-01-31,345089,59293,96587,155880
2024-02-29,345089,59761,104298,164059
2024-03-31,345089,59952,114134,174086
2024-04-30,345089,61165,101768,162933
2024-05-31,345089,64887,109954,174841
2023-05-31,350029,1,0,1
2023-06-30,350029,290398,164625,455023
2023-07-31,350029,248228,164565,412793
2023-08-31,350029,271041,173899,444940
2023-09-30,350029,231733,160952,392685
2023-10-31,350029,269368,186189,455557
2023-11-30,350029,259666,167281,426947
2023-12-31,350029,286147,176721,462868
2024-01-31,350029,259962,161243,421205
2024-02-29,350029,260312,174792,435104
2024-03-31,350029,259677,193984,453661
2024-04-30,350029,268916,177738,446654
2024-05-31,350029,289425,188594,478019
2023-06-30,350032,86836,74124,160960
2023-07-31,350032,77071,56258,133329
2023-08-31,350032,84192,48746,132938
2023-09-30,350032,77582,42429,120011
2023-10-31,350032,87481,54272,141753
2023-11-30,350032,81588,57398,138986
2023-12-31,350032,94177,67360,161537
2024-01-31,350032,103020,62466,165486
2024-02-29,350032,141429,68056,209485
2024-03-31,350032,95045,89946,184991
2024-04-30,350032,82099,108226,190325
2024-05-31,350032,80143,110144,190287
2023-05-31,350027,87,15,102
2023-06-30,350027,370485,157622,528107
2023-07-31,350027,328866,156928,485794
2023-08-31,350027,352525,166462,518987
2023-09-30,350027,308140,154154,462294
2023-10-31,350027,353989,174759,528748
2023-11-30,350027,340102,157295,497397
2023-12-31,350027,372570,166135,538705
2024-01-31,350027,330622,149567,480189
2024-02-29,350027,336675,162896,499571
2024-03-31,350027,342416,178728,521144
2024-04-30,350027,347608,165649,513257
2024-05-31,350027,369677,177094,546771
2023-05-31,350031,4,0,4
2023-06-30,350031,328354,71226,399580
2023-07-31,350031,290269,55511,345780
2023-08-31,350031,326560,50074,376634
2023-09-30,350031,294610,45118,339728
2023-10-31,350031,333164,55666,388830
2023-11-30,350031,320968,58360,379328
2023-12-31,350031,362825,68047,430872
2024-01-31,350031,368381,63871,432252
2024-02-29,350031,397667,67552,465219
2024-03-31,350031,361451,88612,450063
2024-04-30,350031,345067,96293,441360
2024-05-31,350031,351488,100492,451980
2023-05-31,350030,0,2,2
2023-06-30,350030,47288,26867,74155
2023-07-31,350030,41234,22596,63830
2023-08-31,350030,43436,21903,65339
2023-09-30,350030,38683,18945,57628
2023-10-31,350030,48658,20777,69435
2023-11-30,350030,44712,24664,69376
2023-12-31,350030,49726,25951,75677
2024-01-31,350030,52499,24629,77128
2024-02-29,350030,47025,23477,70502
2024-03-31,350030,47235,24396,71631
2024-04-30,350030,47962,21530,69492
2024-05-31,350030,50133,20835,70968
2023-05-31,350028,1,0,1
2023-06-30,350028,67862,145432,213294
2023-07-31,350028,60074,150214,210288
2023-08-31,350028,61624,160411,222035
2023-09-30,350028,55311,148518,203829
2023-10-31,350028,67214,166579,233793
2023-11-30,350028,65975,147814,213789
2023-12-31,350028,72493,159581,232074
2024-01-31,350028,63274,143890,207164
2024-02-29,350028,64940,155067,220007
2024-03-31,350028,64545,167577,232122
2024-04-30,350028,67790,155289,223079
2024-05-31,350028,76513,170268,246781
2023-05-31,350033,0,1,1
2023-06-30,350033,22703,11153,33856
2023-07-31,350033,16545,6098,22643
2023-08-31,350033,17650,6744,24394
2023-09-30,350033,16201,5331,21532
2023-10-31,350033,19257,7754,27011
2023-11-30,350033,18282,7835,26117
2023-12-31,350033,20977,8679,29656
2024-01-31,350033,29963,8859,38822
2024-02-29,350033,46234,8761,54995
2024-03-31,350033,24404,8338,32742
2024-04-30,350033,23241,7385,30626
2024-05-31,350033,21674,8106,29780
2023-05-31,350104,1,2,3
2023-06-30,350104,45218,37606,82824
2023-07-31,350104,38613,33444,72057
2023-08-31,350104,41293,36436,77729
2023-09-30,350104,36288,30337,66625
2023-10-31,350104,41136,33553,74689
2023-11-30,350104,45702,34061,79763
2023-12-31,350104,49520,40741,90261
2024-01-31,350104,48063,37841,85904
2024-02-29,350104,48014,39972,87986
2024-03-31,350104,50179,44170,94349
2024-04-30,350104,49305,38428,87733
2024-05-31,350104,56654,42343,98997
2023-05-31,352020,137,44,181
2023-06-30,352020,341188,91576,432764
2023-07-31,352020,350308,95181,445489
2023-08-31,352020,358448,93908,452356
2023-09-30,352020,314558,89219,403777
2023-10-31,352020,348670,97592,446262
2023-11-30,352020,356307,89099,445406
2023-12-31,352020,369483,90279,459762
2024-01-31,352020,368593,83496,452089
2024-02-29,352020,344448,90287,434735
2024-03-31,352020,348795,97401,446196
2024-04-30,352020,349012,89221,438233
2024-05-31,352020,385629,102799,488428
2023-06-30,352001,267621,76569,344190
2023-07-31,352001,256322,72297,328619
2023-08-31,352001,264828,74004,338832
2023-09-30,352001,233776,64552,298328
2023-10-31,352001,262661,72631,335292
2023-11-30,352001,248816,64923,313739
2023-12-31,352001,279469,68135,347604
2024-01-31,352001,278977,68576,347553
2024-02-29,352001,257275,74435,331710
2024-03-31,352001,272881,81074,353955
2024-04-30,352001,269544,68312,337856
2024-05-31,352001,290996,68927,359923
2023-05-31,350103,108,17,125
2023-06-30,350103,119803,10926,130729
2023-07-31,350103,115604,11563,127167
2023-08-31,350103,137976,12745,150721
2023-09-30,350103,114232,10332,124564
2023-10-31,350103,134340,14122,148462
2023-11-30,350103,123268,12444,135712
2023-12-31,350103,140715,13829,154544
2024-01-31,350103,126970,13442,140412
2024-02-29,350103,131528,12926,144454
2024-03-31,350103,138066,13918,151984
2024-04-30,350103,127331,13455,140786
2024-05-31,350103,130618,13191,143809
2023-05-31,350102,0,1,1
2023-06-30,350102,44551,33218,77769
2023-07-31,350102,41997,27659,69656
2023-08-31,350102,42345,31177,73522
2023-09-30,350102,38813,25558,64371
2023-10-31,350102,42647,28336,70983
2023-11-30,350102,43533,27818,71351
2023-12-31,350102,50050,31891,81941
2024-01-31,350102,46525,30993,77518
2024-02-29,350102,47343,32341,79684
2024-03-31,350102,47254,32197,79451
2024-04-30,350102,50732,26846,77578
2024-05-31,350102,52697,29249,81946
2023-05-31,352013,9,3,12
2023-06-30,352013,105381,46688,152069
2023-07-31,352013,100302,43258,143560
2023-08-31,352013,104414,42988,147402
2023-09-30,352013,88837,40295,129132
2023-10-31,352013,99485,44145,143630
2023-11-30,352013,94110,39759,133869
2023-12-31,352013,112790,40670,153460
2024-01-31,352013,117026,38946,155972
2024-02-29,352013,95728,41784,137512
2024-03-31,352013,101591,45940,147531
2024-04-30,352013,97989,40421,138410
2024-05-31,352013,117739,43942,161681
2023-05-31,352022,1,6,7
2023-06-30,352022,237258,165050,402308
2023-07-31,352022,214151,165698,379849
2023-08-31,352022,220120,161364,381484
2023-09-30,352022,197465,153099,350564
2023-10-31,352022,227522,185404,412926
2023-11-30,352022,205755,184186,389941
2023-12-31,352022,228731,192518,421249
2024-01-31,352022,241568,183218,424786
2024-02-29,352022,234813,188902,423715
2024-03-31,352022,250990,193912,444902
2024-04-30,352022,236413,178733,415146
2024-05-31,352022,246257,186651,432908
2023-05-31,345074,1,3,4
2023-06-30,345074,29324,7505,36829
2023-07-31,345074,26096,5852,31948
2023-08-31,345074,24737,7157,31894
2023-09-30,345074,22918,5453,28371
2023-10-31,345074,25204,8242,33446
2023-11-30,345074,23338,6416,29754
2023-12-31,345074,27479,7079,34558
2024-01-31,345074,26414,5551,31965
2024-02-29,345074,30911,6617,37528
2024-03-31,345074,28099,11850,39949
2024-04-30,345074,32660,8480,41140
2024-05-31,345074,28324,8196,36520
2023-05-31,341401,581,171,752
2023-06-30,341401,317284,87317,404601
2023-07-31,341401,297838,89584,387422
2023-08-31,341401,325488,90892,416380
2023-09-30,341401,267694,82987,350681
2023-10-31,341401,274508,95751,370259
2023-11-30,341401,362208,82368,444576
2023-12-31,341401,373470,104135,477605
2024-01-31,341401,337116,92196,429312
2024-02-29,341401,315516,96067,411583
2024-03-31,341401,326715,100637,427352
2024-04-30,341401,329021,91407,420428
2024-05-31,341401,381618,97916,479534
2023-05-31,345059,4,2,6
2023-06-30,345059,33568,11888,45456
2023-07-31,345059,27072,11740,38812
2023-08-31,345059,27576,12940,40516
2023-09-30,345059,26250,10770,37020
2023-10-31,345059,30930,13095,44025
2023-11-30,345059,29762,12295,42057
2023-12-31,345059,33872,14285,48157
2024-01-31,345059,31924,17279,49203
2024-02-29,345059,35266,14948,50214
2024-03-31,345059,34718,15268,49986
2024-04-30,345059,33549,16663,50212
2024-05-31,345059,33118,16730,49848
2023-05-31,349015,12,7,19
2023-06-30,349015,98729,49556,148285
2023-07-31,349015,89559,42596,132155
2023-08-31,349015,89187,43170,132357
2023-09-30,349015,83400,38802,122202
2023-10-31,349015,99829,50931,150760
2023-11-30,349015,87473,47713,135186
2023-12-31,349015,102644,51686,154330
2024-01-31,349015,98248,51206,149454
2024-02-29,349015,101785,57616,159401
2024-03-31,349015,97573,56433,154006
2024-04-30,349015,101318,52575,153893
2024-05-31,349015,102877,57124,160001
2023-06-30,349014,71039,44111,115150
2023-07-31,349014,67350,34883,102233
2023-08-31,349014,68610,37604,106214
2023-09-30,349014,64314,39779,104093
2023-10-31,349014,68441,45473,113914
2023-11-30,349014,62692,43734,106426
2023-12-31,349014,76449,51951,128400
2024-01-31,349014,72572,46284,118856
2024-02-29,349014,72552,48997,121549
2024-03-31,349014,70422,42128,112550
2024-04-30,349014,70344,40365,110709
2024-05-31,349014,77100,39951,117051
2023-06-30,345043,67794,47537,115331
2023-07-31,345043,55620,46285,101905
2023-08-31,345043,64454,44685,109139
2023-09-30,345043,49963,39236,89199
2023-10-31,345043,52846,48614,101460
2023-11-30,345043,65635,44138,109773
2023-12-31,345043,75029,54761,129790
2024-01-31,345043,66284,48432,114716
2024-02-29,345043,67102,52262,119364
2024-03-31,345043,66859,52838,119697
2024-04-30,345043,66155,49586,115741
2024-05-31,345043,74780,56766,131546
2023-05-31,350034,16,5,21
2023-06-30,350034,73773,22812,96585
2023-07-31,350034,64482,17562,82044
2023-08-31,350034,65969,19767,85736
2023-09-30,350034,62471,16239,78710
2023-10-31,350034,64989,18428,83417
2023-11-30,350034,67032,17230,84262
2023-12-31,350034,71277,21515,92792
2024-01-31,350034,65954,19031,84985
2024-02-29,350034,71202,20397,91599
2024-03-31,350034,71298,21824,93122
2024-04-30,350034,77636,22941,100577
2024-05-31,350034,80214,31077,111291
2023-05-31,345073,9,27,36
2023-06-30,345073,111397,147720,259117
2023-07-31,345073,88794,148918,237712
2023-08-31,345073,88910,156099,245009
2023-09-30,345073,79888,147305,227193
2023-10-31,345073,91547,165451,256998
2023-11-30,345073,111766,144184,255950
2023-12-31,345073,119390,159867,279257
2024-01-31,345073,100851,149220,250071
2024-02-29,345073,104527,166686,271213
2024-03-31,345073,113053,181687,294740
2024-04-30,345073,117738,170629,288367
2024-05-31,345073,131926,183906,315832
2023-05-31,350035,25,10,35
2023-06-30,350035,58545,13130,71675
2023-07-31,350035,50544,10080,60624
2023-08-31,350035,54659,12004,66663
2023-09-30,350035,50228,9877,60105
2023-10-31,350035,58910,12400,71310
2023-11-30,350035,55680,12321,68001
2023-12-31,350035,61144,13265,74409
2024-01-31,350035,61524,11745,73269
2024-02-29,350035,58085,13814,71899
2024-03-31,350035,59895,14608,74503
2024-04-30,350035,62243,14741,76984
2024-05-31,350035,59689,14098,73787
2023-06-30,345088,45270,26707,71977
2023-07-31,345088,35426,25023,60449
2023-08-31,345088,35579,24902,60481
2023-09-30,345088,31348,22238,53586
2023-10-31,345088,35369,27963,63332
2023-11-30,345088,35244,24160,59404
2023-12-31,345088,42887,27965,70852
2024-01-31,345088,39347,24928,64275
2024-02-29,345088,45402,28676,74078
2024-03-31,345088,48187,30126,78313
2024-04-30,345088,61632,27504,89136
2024-05-31,345088,46058,27479,73537
2023-05-31,352024,6,1,7
2023-06-30,352024,242282,128549,370831
2023-07-31,352024,234690,129970,364660
2023-08-31,352024,243472,136650,380122
2023-09-30,352024,219221,124866,344087
2023-10-31,352024,260479,146451,406930
2023-11-30,352024,236887,134269,371156
2023-12-31,352024,280384,144740,425124
2024-01-31,352024,251133,132370,383503
2024-02-29,352024,227843,140635,368478
2024-03-31,352024,233039,148483,381522
2024-04-30,352024,233422,130880,364302
2024-05-31,352024,257486,139542,397028
2023-05-31,352040,6,5,11
2023-06-30,352040,274250,44451,318701
2023-07-31,352040,255342,40356,295698
2023-08-31,352040,266518,47823,314341
2023-09-30,352040,241527,38782,280309
2023-10-31,352040,289846,43980,333826
2023-11-30,352040,278146,43777,321923
2023-12-31,352040,292108,45010,337118
2024-01-31,352040,313481,45595,359076
2024-02-29,352040,287817,50542,338359
2024-03-31,352040,299077,51222,350299
2024-04-30,352040,287179,45711,332890
2024-05-31,352040,290325,34794,325119
2023-06-30,330088,85674,15280,100954
2023-07-31,330088,91046,17881,108927
2023-08-31,330088,104215,19662,123877
2023-09-30,330088,123726,17669,141395
2023-10-31,330088,96283,21745,118028
2023-11-30,330088,115910,19033,134943
2023-12-31,330088,120769,20760,141529
2024-01-31,330088,105825,20063,125888
2024-02-29,330088,104093,19790,123883
2024-03-31,330088,95190,21171,116361
2024-04-30,330088,96867,18699,115566
2024-05-31,330088,96720,21261,117981
2023-06-30,330089,43164,9489,52653
2023-07-31,330089,47284,9659,56943
2023-08-31,330089,62623,9487,72110
2023-09-30,330089,86991,9512,96503
2023-10-31,330089,54534,12029,66563
2023-11-30,330089,72576,10236,82812
2023-12-31,330089,75721,11200,86921
2024-01-31,330089,62144,11594,73738
2024-02-29,330089,56326,10632,66958
2024-03-31,330089,49908,11589,61497
2024-04-30,330089,50363,10067,60430
2024-05-31,330089,52484,10901,63385
2023-05-31,330084,1,0,1
2023-06-30,330084,45454,14286,59740
2023-07-31,330084,42367,14288,56655
2023-08-31,330084,42529,15266,57795
2023-09-30,330084,44617,11691,56308
2023-10-31,330084,43506,14341,57847
2023-11-30,330084,46059,12650,58709
2023-12-31,330084,46036,15299,61335
2024-01-31,330084,45747,13406,59153
2024-02-29,330084,55323,13420,68743
2024-03-31,330084,45064,13685,58749
2024-04-30,330084,46650,13647,60297
2024-05-31,330084,43837,14330,58167
2023-05-31,330086,1,2,3
2023-06-30,330086,30474,16475,46949
2023-07-31,330086,30271,16302,46573
2023-08-31,330086,31695,17842,49537
2023-09-30,330086,32529,14872,47401
2023-10-31,330086,28355,18416,46771
2023-11-30,330086,51089,16807,67896
2023-12-31,330086,38118,18499,56617
2024-01-31,330086,34897,18417,53314
2024-02-29,330086,35918,16735,52653
2024-03-31,330086,33709,16572,50281
2024-04-30,330086,34921,17754,52675
2024-05-31,330086,35136,18930,54066
2023-06-30,330087,21899,7147,29046
2023-07-31,330087,21152,7665,28817
2023-08-31,330087,21268,6122,27390
2023-09-30,330087,25416,5921,31337
2023-10-31,330087,22542,6725,29267
2023-11-30,330087,40893,5941,46834
2023-12-31,330087,36068,7704,43772
2024-01-31,330087,32032,7786,39818
2024-02-29,330087,27770,6012,33782
2024-03-31,330087,23223,6021,29244
2024-04-30,330087,26725,7301,34026
2024-05-31,330087,21663,7328,28991
2023-05-31,345070,1,0,1
2023-06-30,345070,82190,28455,110645
2023-07-31,345070,70210,26602,96812
2023-08-31,345070,71809,28392,100201
2023-09-30,345070,63726,24937,88663
2023-10-31,345070,68306,30793,99099
2023-11-30,345070,69029,26058,95087
2023-12-31,345070,79451,29040,108491
2024-01-31,345070,68561,25520,94081
2024-02-29,345070,74888,28748,103636
2024-03-31,345070,75677,31988,107665
2024-04-30,345070,81717,29824,111541
2024-05-31,345070,78038,29461,107499
2023-05-31,345069,13,28,41
2023-06-30,345069,120275,93110,213385
2023-07-31,345069,93263,89259,182522
2023-08-31,345069,94397,93680,188077
2023-09-30,345069,87506,89672,177178
2023-10-31,345069,105549,105315,210864
2023-11-30,345069,115613,96803,212416
2023-12-31,345069,125887,104643,230530
2024-01-31,345069,100681,101663,202344
2024-02-29,345069,118243,116656,234899
2024-03-31,345069,124359,135608,259967
2024-04-30,345069,133023,125790,258813
2024-05-31,345069,126784,120368,247152
2023-06-30,345072,67395,39643,107038
2023-07-31,345072,57138,36638,93776
2023-08-31,345072,58225,37515,95740
2023-09-30,345072,51289,36371,87660
2023-10-31,345072,52627,44948,97575
2023-11-30,345072,56046,38184,94230
2023-12-31,345072,67223,45295,112518
2024-01-31,345072,60652,42838,103490
2024-02-29,345072,64005,46509,110514
2024-03-31,345072,64023,52561,116584
2024-04-30,345072,62397,42725,105122
2024-05-31,345072,62093,46640,108733
2023-05-31,345066,2,0,2
2023-06-30,345066,52766,25888,78654
2023-07-31,345066,41736,25855,67591
2023-08-31,345066,43001,27547,70548
2023-09-30,345066,42181,24975,67156
2023-10-31,345066,45145,29902,75047
2023-11-30,345066,43942,23976,67918
2023-12-31,345066,52297,30035,82332
2024-01-31,345066,47000,29786,76786
2024-02-29,345066,51084,28068,79152
2024-03-31,345066,52559,32420,84979
2024-04-30,345066,49199,27851,77050
2024-05-31,345066,51720,28303,80023
2023-06-30,345067,19148,1921,21069
2023-07-31,345067,15310,1406,16716
2023-08-31,345067,16496,1660,18156
2023-09-30,345067,13307,1314,14621
2023-10-31,345067,14981,2480,17461
2023-11-30,345067,16567,2041,18608
2023-12-31,345067,18718,2020,20738
2024-01-31,345067,17649,1953,19602
2024-02-29,345067,17950,1885,19835
2024-03-31,345067,17511,2044,19555
2024-04-30,345067,19260,1734,20994
2024-05-31,345067,19590,2092,21682
2023-05-31,345071,2,0,2
2023-06-30,345071,132130,47380,179510
2023-07-31,345071,118386,43376,161762
2023-08-31,345071,118619,45131,163750
2023-09-30,345071,109141,41163,150304
2023-10-31,345071,116832,52143,168975
2023-11-30,345071,115879,43763,159642
2023-12-31,345071,139727,50913,190640
2024-01-31,345071,127891,48938,176829
2024-02-29,345071,137579,52142,189721
2024-03-31,345071,133039,60942,193981
2024-04-30,345071,134893,47868,182761
2024-05-31,345071,138158,51484,189642
2023-05-31,345068,0,2,2
2023-06-30,345068,110364,56036,166400
2023-07-31,345068,94115,53978,148093
2023-08-31,345068,103077,56112,159189
2023-09-30,345068,90036,56373,146409
2023-10-31,345068,102340,66805,169145
2023-11-30,345068,108670,60725,169395
2023-12-31,345068,119016,66351,185367
2024-01-31,345068,104860,64916,169776
2024-02-29,345068,110967,72088,183055
2024-03-31,345068,109533,82255,191788
2024-04-30,345068,119412,74716,194128
2024-05-31,345068,123884,73730,197614
2023-05-31,345003,154,23,177
2023-06-30,345003,155277,172966,328243
2023-07-31,345003,133136,180217,313353
2023-08-31,345003,138583,190826,329409
2023-09-30,345003,116040,177304,293344
2023-10-31,345003,119663,193517,313180
2023-11-30,345003,136162,156501,292663
2023-12-31,345003,147975,168902,316877
2024-01-31,345003,128093,158212,286305
2024-02-29,345003,140131,178926,319057
2024-03-31,345003,151267,210910,362177
2024-04-30,345003,153956,185209,339165
2024-05-31,345003,152161,180525,332686
2023-05-31,352039,31,5,36
2023-06-30,352039,477775,178059,655834
2023-07-31,352039,455852,173971,629823
2023-08-31,352039,496268,182462,678730
2023-09-30,352039,427302,165316,592618
2023-10-31,352039,535738,183543,719281
2023-11-30,352039,483238,172806,656044
2023-12-31,352039,537506,177074,714580
2024-01-31,352039,585457,159601,745058
2024-02-29,352039,487883,170516,658399
2024-03-31,352039,525729,184267,709996
2024-04-30,352039,504603,171449,676052
2024-05-31,352039,542824,175764,718588
2023-06-30,340064,169643,11956,181599
2023-07-31,340064,88434,9070,97504
2023-05-31,341101,291,130,421
2023-06-30,341101,304861,79048,383909
2023-07-31,341101,292494,81343,373837
2023-08-31,341101,317425,81842,399267
2023-09-30,341101,262135,74843,336978
2023-10-31,341101,267137,85596,352733
2023-11-30,341101,351529,73953,425482
2023-12-31,341101,358325,88616,446941
2024-01-31,341101,321229,82303,403532
2024-02-29,341101,300880,84982,385862
2024-03-31,341101,313111,88680,401791
2024-04-30,341101,315623,80661,396284
2024-05-31,341101,364905,85851,450756
2023-06-30,340055,6836,821,7657
2023-07-31,340055,32377,3082,35459
2023-08-31,340055,37101,3390,40491
2023-09-30,340055,31510,3238,34748
2023-10-31,340055,37702,4864,42566
2023-11-30,340055,38395,4643,43038
2023-12-31,340055,40903,5839,46742
2024-01-31,340055,39192,6292,45484
2024-02-29,340055,40888,6888,47776
2024-03-31,340055,40622,6884,47506
2024-04-30,340055,43282,5888,49170
2024-05-31,340055,44934,6403,51337
2023-05-31,340058,4,2,6
2023-06-30,340058,190409,114137,304546
2023-07-31,340058,159376,112083,271459
2023-08-31,340058,162436,115542,277978
2023-09-30,340058,157502,102852,260354
2023-10-31,340058,192827,130875,323702
2023-11-30,340058,237249,126906,364155
2023-12-31,340058,212795,130527,343322
2024-01-31,340058,175627,113854,289481
2024-02-29,340058,216138,123856,339994
2024-03-31,340058,236881,133491,370372
2024-04-30,340058,222110,123441,345551
2024-05-31,340058,206429,133537,339966
2023-05-31,340056,380,240,620
2023-06-30,340056,90720,35987,126707
2023-07-31,340056,70656,44737,115393
2023-08-31,340056,70580,72122,142702
2023-09-30,340056,57367,56046,113413
2023-10-31,340056,76104,55402,131506
2023-11-30,340056,96759,67628,164387
2023-12-31,340056,105460,97148,202608
2024-01-31,340056,77957,112161,190118
2024-02-29,340056,84530,123439,207969
2024-03-31,340056,86617,143680,230297
2024-04-30,340056,86506,146868,233374
2024-05-31,340056,75161,161380,236541
2023-06-30,340066,904,199,1103
2023-07-31,340066,0,0,0
2023-08-31,340066,67242,31413,98655
2023-09-30,340066,75721,37002,112723
2023-10-31,340066,82868,47286,130154
2023-11-30,340066,94402,44485,138887
2023-12-31,340066,95526,56464,151990
2024-01-31,340066,83617,51324,134941
2024-02-29,340066,67623,28832,96455
2024-03-31,340066,90626,46067,136693
2024-04-30,340066,80264,40076,120340
2024-05-31,340066,77935,36168,114103
2023-06-30,340062,59311,68419,127730
2023-07-31,340062,59382,71293,130675
2023-08-31,340062,59830,69243,129073
2023-09-30,340062,51280,60056,111336
2023-10-31,340062,61193,67835,129028
2023-11-30,340062,80089,69713,149802
2023-12-31,340062,82118,80735,162853
2024-01-31,340062,60665,78384,139049
2024-02-29,340062,72803,90456,163259
2024-03-31,340062,75327,99199,174526
2024-04-30,340062,83305,88114,171419
2024-05-31,340062,68171,92900,161071
2023-05-31,340037,2,3,5
2023-06-30,340037,187350,91906,279256
2023-07-31,340037,170880,87161,258041
2023-08-31,340037,177564,92324,269888
2023-09-30,340037,154344,82783,237127
2023-10-31,340037,173206,104163,277369
2023-11-30,340037,209528,97054,306582
2023-12-31,340037,211627,114273,325900
2024-01-31,340037,191740,112643,304383
2024-02-29,340037,191819,122127,313946
2024-03-31,340037,189960,124564,314524
2024-04-30,340037,200595,117238,317833
2024-05-31,340037,207537,126282,333819
2023-05-31,340032,27,7,34
2023-06-30,340032,112538,19830,132368
2023-07-31,340032,92859,16781,109640
2023-08-31,340032,97254,17463,114717
2023-09-30,340032,83259,15905,99164
2023-10-31,340032,83768,24367,108135
2023-11-30,340032,103624,20875,124499
2023-12-31,340032,97898,24423,122321
2024-01-31,340032,87250,23896,111146
2024-02-29,340032,85373,24987,110360
2024-03-31,340032,85654,25528,111182
2024-04-30,340032,92985,21378,114363
2024-05-31,340032,104392,22518,126910
2023-05-31,340034,0,1,1
2023-06-30,340034,78929,22725,101654
2023-07-31,340034,65058,15644,80702
2023-08-31,340034,73617,13144,86761
2023-09-30,340034,66071,10489,76560
2023-10-31,340034,72579,17795,90374
2023-11-30,340034,79397,15474,94871
2023-12-31,340034,83761,23161,106922
2024-01-31,340034,75996,17460,93456
2024-02-29,340034,75661,21517,97178
2024-03-31,340034,72849,19555,92404
2024-04-30,340034,76400,18795,95195
2024-05-31,340034,83990,21057,105047
2023-05-31,340036,1,0,1
2023-06-30,340036,211312,42449,253761
2023-07-31,340036,192497,37223,229720
2023-08-31,340036,215394,42626,258020
2023-09-30,340036,157791,39909,197700
2023-10-31,340036,163852,44734,208586
2023-11-30,340036,252029,39721,291750
2023-12-31,340036,272816,45562,318378
2024-01-31,340036,236798,43913,280711
2024-02-29,340036,215353,46848,262201
2024-03-31,340036,207834,50486,258320
2024-04-30,340036,216015,42247,258262
2024-05-31,340036,269535,46386,315921
2023-05-31,340035,246,172,418
2023-06-30,340035,119716,118026,237742
2023-07-31,340035,111437,114280,225717
2023-08-31,340035,115287,45184,160471
2023-09-30,340035,99076,6433,105509
2023-10-31,340035,106270,7332,113602
2023-11-30,340035,125968,8288,134256
2023-12-31,340035,131582,9633,141215
2024-01-31,340035,120683,9608,130291
2024-02-29,340035,122267,9918,132185
2024-03-31,340035,123881,10566,134447
2024-04-30,340035,135375,8687,144062
2024-05-31,340035,139988,8974,148962
2023-06-30,336008,55019,7375,62394
2023-07-31,336008,51457,5396,56853
2023-08-31,336008,69922,7612,77534
2023-09-30,336008,69934,8258,78192
2023-10-31,336008,57653,13357,71010
2023-11-30,336008,100702,12844,113546
2023-12-31,336008,91293,17235,108528
2024-01-31,336008,78755,17580,96335
2024-02-29,336008,63692,15017,78709
2024-03-31,336008,83854,13007,96861
2024-04-30,336008,69663,16463,86126
2024-05-31,336008,98824,16146,114970
2023-05-31,330130,9,1,10
2023-06-30,330130,111825,41033,152858
2023-07-31,330130,109871,41921,151792
2023-08-31,330130,114389,43327,157716
2023-09-30,330130,110326,37981,148307
2023-10-31,330130,114815,46620,161435
2023-11-30,330130,124892,38914,163806
2023-12-31,330130,141063,49400,190463
2024-01-31,330130,130175,46023,176198
2024-02-29,330130,128791,48370,177161
2024-03-31,330130,116354,49912,166266
2024-04-30,330130,122183,42575,164758
2024-05-31,330130,123917,46574,170491
2023-06-30,336007,171802,105647,277449
2023-07-31,336007,160072,107537,267609
2023-08-31,336007,164529,111812,276341
2023-09-30,336007,159058,97579,256637
2023-10-31,336007,163328,120171,283499
2023-11-30,336007,246180,101826,348006
2023-12-31,336007,213324,124363,337687
2024-01-31,336007,198794,116242,315036
2024-02-29,336007,196457,129409,325866
2024-03-31,336007,212262,133654,345916
2024-04-30,336007,205187,136958,342145
2024-05-31,336007,228632,144341,372973
2023-05-31,336005,6,3,9
2023-06-30,336005,186153,172983,359136
2023-07-31,336005,175795,172066,347861
2023-08-31,336005,191209,194573,385782
2023-09-30,336005,186063,176501,362564
2023-10-31,336005,183471,209560,393031
2023-11-30,336005,247738,173394,421132
2023-12-31,336005,219245,210673,429918
2024-01-31,336005,200092,201418,401510
2024-02-29,336005,205354,210527,415881
2024-03-31,336005,204847,220174,425021
2024-04-30,336005,202730,197680,400410
2024-05-31,336005,226972,206457,433429
2023-05-31,336006,240,236,476
2023-06-30,336006,577263,675272,1252535
2023-07-31,336006,542077,666036,1208113
2023-08-31,336006,614865,696795,1311660
2023-09-30,336006,584958,632473,1217431
2023-10-31,336006,674616,751501,1426117
2023-11-30,336006,950631,662178,1612809
2023-12-31,336006,867532,794315,1661847
2024-01-31,336006,800138,758563,1558701
2024-02-29,336006,791072,794783,1585855
2024-03-31,336006,643794,818430,1462224
2024-04-30,336006,607718,752230,1359948
2024-05-31,336006,668571,801949,1470520
